3 2 
6 4 
6 5 
8 7 
10 9 
12 11 
15 13 
15 14 
18 16 
18 17 
20 19 
24 21 
24 22 
24 23 
29 25 
29 26 
29 27 
29 28 
31 30 
33 32 
36 34 
36 35 
40 37 
40 38 
40 39 
42 41 
44 43 
48 45 
48 46 
48 47 
50 49 
53 28 
53 51 
53 52 
55 54 
58 56 
58 57 
60 59 
62 61 
64 63 
66 65 
66 14 
68 67 
70 69 
73 71 
73 72 
76 74 
76 75 
78 77 
80 79 
83 81 
83 82 
85 84 
88 86 
88 87 
91 89 
91 90 
94 92 
94 93 
98 95 
98 96 
98 97 
100 99 
102 101 
106 103 
106 104 
106 105 
111 107 
111 108 
111 109 
111 110 
114 112 
114 113 
116 115 
118 117 
120 119 
124 121 
124 122 
124 123 
126 125 
129 127 
129 128 
132 130 
132 131 
134 133 
137 135 
137 136 
140 138 
140 139 
143 141 
143 142 
145 144 
147 146 
149 148 
155 150 
155 151 
155 152 
155 153 
155 154 
159 156 
159 157 
159 158 
162 160 
162 161 
165 163 
165 164 
169 166 
169 167 
169 168 
171 170 
173 172 
178 174 
178 175 
178 176 
178 177 
181 179 
181 180 
184 182 
184 183 
187 185 
187 186 
189 188 
192 190 
192 191 
195 193 
195 194 
197 196 
200 198 
200 199 
204 201 
204 202 
204 203 
206 205 
208 207 
211 25 
211 209 
211 28 
211 210 
214 212 
214 213 
216 215 
219 217 
219 218 
227 220 
227 221 
227 222 
227 223 
227 224 
227 225 
227 226 
229 228 
231 230 
233 232 
237 234 
237 235 
237 236 
239 238 
242 240 
242 241 
246 243 
246 244 
246 245 
249 247 
249 248 
251 250 
253 252 
255 254 
257 256 
259 258 
261 156 
261 260 
262 69 
267 263 
267 264 
267 265 
267 266 
269 268 
272 270 
272 271 
275 273 
275 274 
278 276 
278 277 
280 279 
283 281 
283 282 
288 284 
288 285 
288 286 
288 287 
290 289 
291 81 
291 82 
292 284 
292 285 
295 156 
295 293 
295 294 
297 296 
299 298 
302 300 
302 301 
305 303 
305 304 
308 306 
308 307 
310 309 
313 311 
313 312 
318 284 
318 314 
318 315 
318 316 
318 317 
320 319 
323 321 
323 322 
327 324 
327 325 
327 326 
329 328 
331 330 
333 332 
335 334 
337 336 
340 338 
340 339 
341 330 
343 156 
343 342 
345 344 
348 346 
348 347 
352 349 
352 350 
352 351 
354 353 
356 355 
360 357 
360 82 
360 358 
360 359 
362 21 
362 361 
364 193 
364 363 
366 365 
368 367 
368 23 
370 369 
370 82 
371 306 
374 372 
374 373 
377 375 
377 376 
378 122 
381 379 
381 380 
384 375 
384 382 
384 383 
387 385 
387 386 
389 373 
389 388 
394 390 
394 391 
394 392 
394 393 
398 396 
398 397 
400 399 
403 401 
403 402 
407 404 
407 405 
407 406 
409 408 
411 410 
414 412 
414 413 
417 415 
417 416 
419 418 
421 420 
423 422 
427 424 
427 425 
427 426 
429 428 
431 430 
433 432 
437 434 
437 435 
437 436 
439 438 
441 440 
443 442 
446 444 
446 445 
451 447 
451 448 
451 449 
451 450 
453 452 
456 454 
456 455 
456 123 
458 7 
458 457 
462 459 
462 460 
462 461 
465 463 
465 464 
468 466 
468 467 
471 469 
471 470 
473 127 
473 472 
473 358 
475 156 
475 474 
481 476 
481 477 
481 478 
481 479 
481 480 
484 379 
484 482 
484 483 
486 485 
486 127 
488 487 
488 97 
492 489 
492 490 
492 491 
494 493 
496 495 
498 489 
498 497 
498 28 
499 228 
502 500 
502 501 
505 503 
505 504 
506 156 
506 474 
509 507 
509 508 
511 510 
513 512 
513 69 
516 514 
516 515 
516 294 
518 517 
518 442 
519 79 
522 520 
522 521 
523 397 
526 524 
526 525 
526 504 
529 527 
529 528 
533 530 
533 531 
533 532 
536 534 
536 535 
538 213 
538 537 
542 539 
542 540 
542 541 
545 543 
545 544 
547 546 
548 373 
549 141 
551 550 
555 552 
555 553 
555 554 
558 556 
558 557 
562 559 
562 560 
562 561 
564 563 
565 286 
569 566 
569 567 
569 568 
571 570 
573 572 
575 30 
577 576 
580 578 
580 579 
583 101 
583 581 
583 582 
585 584 
587 127 
587 586 
590 588 
590 589 
593 591 
593 592 
593 554 
595 594 
598 596 
598 597 
598 479 
599 228 
603 600 
603 601 
603 602 
608 604 
608 605 
608 606 
608 607 
611 609 
611 610 
614 612 
614 613 
616 615 
620 617 
620 618 
620 619 
623 621 
623 622 
625 624 
628 626 
628 627 
631 629 
631 630 
632 54 
634 633 
636 324 
636 326 
636 325 
636 635 
640 637 
640 638 
640 639 
643 641 
643 28 
643 642 
646 644 
646 645 
648 647 
648 82 
651 649 
651 650 
653 652 
656 654 
656 655 
660 657 
660 658 
660 659 
664 661 
664 662 
664 663 
666 665 
669 667 
669 668 
672 670 
672 671 
674 673 
676 537 
676 675 
679 678 
680 346 
680 347 
683 681 
683 682 
685 684 
685 530 
689 686 
689 687 
689 688 
691 690 
693 692 
694 325 
694 326 
697 695 
697 696 
698 592 
700 699 
700 675 
703 701 
703 702 
705 190 
705 704 
707 706 
710 708 
710 709 
712 711 
714 63 
714 713 
716 715 
718 717 
721 719 
721 720 
723 722 
725 724 
727 708 
727 726 
730 728 
730 729 
735 731 
735 732 
735 733 
735 734 
739 736 
739 737 
739 738 
742 74 
742 740 
742 741 
744 743 
750 745 
750 746 
750 747 
750 748 
750 749 
754 751 
754 752 
754 753 
756 755 
759 757 
759 758 
762 760 
762 761 
765 763 
765 764 
767 99 
767 766 
770 768 
770 769 
772 622 
772 771 
774 773 
777 775 
777 776 
779 778 
781 780 
785 782 
785 783 
785 784 
786 537 
786 358 
786 123 
788 787 
790 789 
792 791 
792 248 
795 793 
795 794 
797 796 
797 358 
799 798 
802 800 
802 801 
803 11 
805 804 
807 806 
807 390 
810 808 
810 809 
810 123 
812 604 
812 811 
816 813 
816 814 
816 815 
818 817 
820 819 
822 821 
824 823 
828 825 
828 826 
828 827 
830 442 
830 808 
830 829 
833 831 
833 832 
836 834 
836 835 
839 837 
839 838 
841 840 
843 842 
848 844 
848 845 
848 846 
848 847 
850 849 
851 837 
851 838 
853 852 
855 854 
855 382 
858 856 
858 524 
858 857 
858 177 
860 859 
864 861 
864 862 
864 863 
866 865 
869 867 
869 868 
872 870 
872 871 
874 873 
877 875 
877 876 
880 878 
880 879 
883 882 
886 884 
886 885 
888 821 
888 887 
890 889 
890 501 
892 891 
894 893 
897 895 
897 896 
900 898 
900 899 
904 901 
904 902 
904 903 
906 63 
906 905 
908 482 
908 907 
911 909 
911 910 
914 912 
914 913 
917 915 
917 916 
918 205 
920 919 
922 921 
925 923 
925 924 
925 430 
926 391 
926 390 
928 927 
930 929 
932 931 
936 933 
936 934 
936 935 
937 130 
937 131 
941 731 
941 938 
941 733 
941 939 
941 940 
944 942 
944 943 
946 945 
949 947 
949 948 
951 950 
955 952 
955 953 
955 954 
958 956 
958 957 
960 959 
960 568 
961 141 
961 142 
965 962 
965 963 
965 964 
967 966 
968 948 
968 97 
970 826 
970 969 
972 263 
972 265 
972 971 
975 973 
975 974 
978 976 
978 977 
980 979 
982 981 
983 357 
984 412 
986 127 
986 985 
989 987 
989 567 
989 988 
991 990 
993 992 
993 924 
995 530 
995 994 
999 996 
999 997 
999 998 
1002 1000 
1002 1001 
1004 1003 
1007 1005 
1007 1006 
1015 1008 
1015 1009 
1015 1010 
1015 1011 
1015 1012 
1015 1013 
1015 1014 
1018 1016 
1018 1017 
1021 596 
1021 1019 
1021 1020 
1025 811 
1025 1022 
1025 1023 
1025 1024 
1027 156 
1027 158 
1027 82 
1029 1028 
1031 1030 
1033 1032 
1034 931 
1036 1035 
1038 1037 
1039 1003 
1041 826 
1041 1040 
1043 1042 
1043 829 
1049 1044 
1049 1045 
1049 1046 
1049 1047 
1049 1048 
1051 1050 
1053 1052 
1056 1054 
1056 1055 
1056 699 
1059 1057 
1059 1058 
1062 1060 
1062 1061 
1064 1063 
1066 1065 
1069 1067 
1069 1068 
1070 30 
1073 1071 
1073 1072 
1076 1074 
1076 1075 
1076 1058 
1079 1077 
1079 1078 
1081 1080 
1083 1082 
1084 976 
1084 303 
1086 1085 
1088 753 
1088 1087 
1091 1089 
1091 1090 
1094 1092 
1094 1093 
1095 806 
1098 1096 
1098 1097 
1102 1099 
1102 1100 
1102 1101 
1105 404 
1105 1103 
1105 1104 
1108 1106 
1108 1107 
1111 1109 
1111 1110 
1115 1112 
1115 1113 
1115 1114 
1118 1116 
1118 1117 
1120 1119 
1121 1003 
1123 726 
1123 1122 
1123 736 
1126 1124 
1126 27 
1126 1125 
1126 82 
1129 1127 
1129 1128 
1131 1130 
1132 265 
1132 971 
1134 1133 
1136 1135 
1138 1137 
1141 1139 
1141 1140 
1145 854 
1145 1142 
1145 1143 
1145 1144 
1146 30 
1147 101 
1151 1148 
1151 845 
1151 1149 
1151 1150 
1153 1152 
1155 1154 
1156 332 
1158 1082 
1158 1157 
1160 1159 
1163 1162 
1166 19 
1166 1164 
1166 1165 
1168 196 
1168 1167 
1169 503 
1169 504 
1172 1170 
1172 1171 
1173 373 
1175 1174 
1178 1176 
1178 1177 
1179 353 
1180 72 
1182 1181 
1182 358 
1185 1183 
1185 1184 
1187 1186 
1189 1188 
1191 424 
1191 425 
1191 1190 
1193 1192 
1194 559 
1194 560 
1196 1195 
1199 1197 
1199 1198 
1200 976 
1202 1201 
1204 1203 
1207 1205 
1207 1206 
1210 1208 
1210 1209 
1211 396 
1213 1212 
1213 386 
1215 1214 
1218 1216 
1218 1217 
1219 544 
1221 1220 
1221 207 
1222 823 
1224 1223 
1225 1035 
1227 1226 
1228 25 
1228 27 
1228 28 
1231 1229 
1231 1230 
1234 1232 
1234 1233 
1235 30 
1237 1170 
1237 1236 
1238 415 
1240 1239 
1242 1241 
1246 1243 
1246 1244 
1246 1245 
1249 1247 
1249 1248 
1249 715 
1252 1250 
1252 252 
1252 1251 
1252 282 
1253 485 
1253 425 
1257 1254 
1257 1255 
1257 1256 
1260 1258 
1260 1259 
1262 82 
1262 1261 
1264 1263 
1266 1265 
1268 1267 
1269 406 
1270 298 
1272 1271 
1272 260 
1273 81 
1273 82 
1276 1274 
1276 1275 
1278 769 
1278 763 
1278 1277 
1280 1279 
1280 1048 
1282 1281 
1284 1283 
1287 256 
1287 1285 
1287 1286 
1289 1288 
1289 1144 
1291 1290 
1293 1292 
1297 1294 
1297 1295 
1297 1296 
1299 1298 
1301 263 
1301 1300 
1301 264 
1303 148 
1303 1302 
1306 1304 
1306 1305 
1306 1157 
1306 638 
1309 1307 
1309 1308 
1311 1310 
1313 1312 
1315 1314 
1318 1316 
1318 1317 
1321 1319 
1321 1320 
1323 1322 
1327 1324 
1327 1325 
1327 1326 
1331 1328 
1331 1329 
1331 1330 
1333 1332 
1339 1335 
1339 1336 
1339 1337 
1339 1338 
1342 1340 
1342 1341 
1344 1343 
1345 30 
1347 1346 
1347 998 
1349 1348 
1351 1350 
1355 1352 
1355 1353 
1355 1354 
1357 1356 
1360 1358 
1360 1359 
1362 248 
1362 1361 
1365 1363 
1365 1364 
1367 1366 
1368 21 
1370 1369 
1375 1371 
1375 1372 
1375 1373 
1375 109 
1375 1374 
1376 875 
1378 726 
1378 1377 
1381 1379 
1381 1380 
1382 483 
1383 172 
1385 71 
1385 1384 
1385 72 
1387 1386 
1390 1388 
1390 1389 
1392 1391 
1393 1281 
1394 821 
1397 1395 
1397 1396 
1400 1398 
1400 1399 
1402 1401 
1405 1403 
1405 596 
1405 1404 
1408 1406 
1408 1407 
1411 1060 
1411 1409 
1411 1410 
1416 1412 
1416 1413 
1416 1414 
1416 1415 
1417 1082 
1420 1418 
1420 1419 
1424 1421 
1424 1422 
1424 1423 
1424 1364 
1426 1425 
1428 701 
1428 1427 
1431 1429 
1431 1430 
1433 1432 
1436 1434 
1436 1435 
1438 1437 
1439 399 
1442 1440 
1442 1441 
1444 1443 
1446 1445 
1446 658 
1449 1447 
1449 1448 
1452 1450 
1452 1451 
1455 1453 
1455 1454 
1459 1456 
1459 1457 
1459 1458 
1461 1460 
1461 859 
1463 699 
1463 1462 
1463 675 
1465 1464 
1467 1466 
1467 931 
1470 1468 
1470 1469 
1472 829 
1472 1471 
1473 976 
1476 1474 
1476 1475 
1479 1477 
1479 1478 
1480 156 
1482 1481 
1483 787 
1486 1484 
1486 1485 
1487 1060 
1487 671 
1491 1488 
1491 1489 
1491 1490 
1493 1492 
1496 1494 
1496 1495 
1499 1497 
1499 1498 
1501 1500 
1504 1502 
1504 1503 
1505 54 
1507 1506 
1509 1454 
1509 1508 
1510 30 
1513 1511 
1513 1255 
1513 1512 
1514 514 
1516 1515 
1521 1517 
1521 1518 
1521 1519 
1521 1520 
1523 1522 
1525 1294 
1525 1295 
1525 1524 
1526 390 
1526 806 
1528 1527 
1530 1529 
1531 84 
1535 93 
1535 1532 
1535 1533 
1535 1534 
1536 976 
1536 977 
1538 1537 
1539 415 
1542 1540 
1542 1541 
1543 77 
1546 1544 
1546 596 
1546 217 
1546 1545 
1548 1547 
1551 1549 
1551 1550 
1553 150 
1553 154 
1553 1552 
1557 1554 
1557 1555 
1557 1556 
1560 1558 
1560 1559 
1563 1561 
1563 1562 
1565 1564 
1567 1566 
1568 692 
1572 1570 
1572 1571 
1576 1573 
1576 1574 
1576 1575 
1579 1577 
1579 1578 
1581 1580 
1581 72 
1584 1582 
1584 1583 
1586 1176 
1586 813 
1586 1585 
1591 1587 
1591 1588 
1591 1589 
1591 1590 
1593 1592 
1593 1190 
1596 1594 
1596 1595 
1599 1597 
1599 1598 
1600 1080 
1603 1602 
1603 715 
1605 1604 
1608 1606 
1608 1607 
1608 1324 
1609 156 
1612 1610 
1612 1611 
1612 1003 
1614 373 
1614 1613 
1614 998 
1618 1615 
1618 1616 
1618 1617 
1619 84 
1621 243 
1621 1620 
1621 163 
1624 1622 
1624 1623 
1625 539 
1626 21 
1630 1627 
1630 1628 
1630 1629 
1630 808 
1632 1631 
1636 1633 
1636 1634 
1636 1635 
1638 1637 
1640 1639 
1642 1641 
1644 1643 
1645 1177 
1647 1646 
1648 875 
1649 9 
1650 263 
1650 264 
1650 265 
1651 97 
1653 357 
1653 82 
1653 1652 
1655 1654 
1658 1656 
1658 1657 
1659 1080 
1661 1660 
1661 186 
1663 1662 
1664 97 
1666 166 
1666 1665 
1669 1668 
1670 122 
1671 95 
1671 96 
1673 1672 
1675 205 
1675 1674 
1677 1676 
1677 28 
1679 621 
1679 1678 
1681 1680 
1685 1682 
1685 1683 
1685 1684 
1688 1686 
1688 1687 
1691 1689 
1691 1690 
1692 1230 
1694 151 
1694 1693 
1695 1133 
1698 1696 
1698 1697 
1700 1699 
1703 1701 
1703 1702 
1705 1704 
1707 1706 
1708 1203 
1710 1709 
1712 1711 
1714 1713 
1716 1715 
1717 30 
1719 1718 
1722 1720 
1722 1721 
1724 1723 
1726 1060 
1726 1725 
1729 1727 
1729 1728 
1731 823 
1731 1730 
1733 821 
1733 1732 
1737 1734 
1737 1735 
1737 1517 
1737 1736 
1741 1739 
1741 1740 
1741 472 
1744 1742 
1744 1743 
1747 1745 
1747 1746 
1748 2 
1750 1749 
1750 198 
1752 1751 
1755 578 
1755 1754 
1756 524 
1756 504 
1757 87 
1761 1759 
1761 1760 
1763 1762 
1766 1764 
1766 1765 
1769 1767 
1769 1768 
1771 1770 
1773 1772 
1775 1774 
1775 1325 
1777 1776 
1778 500 
1778 156 
1779 82 
1779 123 
1781 1780 
1782 1406 
1785 1783 
1785 1784 
1787 1786 
1788 559 
1791 1789 
1791 1790 
1792 81 
1792 82 
1795 1793 
1795 1794 
1797 1796 
1799 1798 
1799 1048 
1800 854 
1801 873 
1803 1802 
1807 1804 
1807 1805 
1807 1806 
1808 11 
1812 1809 
1812 1810 
1812 1811 
1812 1068 
1814 1813 
1815 923 
1815 1554 
1818 1817 
1822 1522 
1822 1819 
1822 1820 
1822 1821 
1824 1823 
1827 312 
1827 1825 
1827 1826 
1828 404 
1831 1829 
1831 1830 
1832 448 
1832 979 
1834 156 
1834 1833 
1836 1835 
1839 1837 
1839 1838 
1840 21 
1840 23 
1842 1841 
1844 1843 
1845 1343 
1847 1846 
1850 1060 
1850 1848 
1850 1849 
1852 1851 
1852 834 
1854 1853 
1854 1515 
1855 1796 
1857 127 
1857 1856 
1858 156 
1858 157 
1859 1680 
1860 1477 
1862 82 
1862 1861 
1864 95 
1864 1863 
1866 1865 
1867 821 
1867 887 
1870 1868 
1870 1869 
1871 336 
1871 699 
1872 1577 
1874 1873 
1876 1875 
1879 1877 
1879 1878 
1880 1793 
1884 1881 
1884 1882 
1884 1883 
1884 252 
1886 1885 
1888 1887 
1889 1369 
1889 1453 
1893 1052 
1893 1890 
1893 1891 
1893 1892 
1895 976 
1895 1894 
1895 303 
1897 1490 
1897 1896 
1899 1898 
1902 1900 
1902 1901 
1902 1447 
1904 1903 
1906 1905 
1908 1907 
1912 1910 
1912 1911 
1913 919 
1914 127 
1914 586 
1917 1915 
1917 1916 
1918 1804 
1918 1805 
1918 1806 
1921 1919 
1921 1920 
1922 81 
1922 726 
1922 82 
1923 101 
1923 581 
1923 582 
1925 1924 
1927 59 
1927 1926 
1928 156 
1931 1929 
1931 1930 
1933 1932 
1935 596 
1935 1934 
1937 1936 
1937 1244 
1938 1054 
1943 1939 
1943 1940 
1943 1941 
1943 1942 
1946 1944 
1946 1945 
1947 254 
1951 1949 
1951 1950 
1952 1833 
1956 1953 
1956 1954 
1956 1955 
1958 1957 
1961 1959 
1961 1960 
1963 1512 
1963 1962 
1963 49 
1966 1964 
1966 1965 
1969 1967 
1969 1968 
1970 966 
1973 1060 
1973 1971 
1973 1972 
1975 81 
1975 1974 
1975 82 
1976 166 
1976 1665 
1978 1977 
1980 1979 
1980 1616 
1983 1981 
1983 1982 
1986 1984 
1986 54 
1986 1985 
1987 1713 
1988 1212 
1988 386 
1989 899 
1991 122 
1991 1990 
1993 1992 
1994 524 
1996 578 
1996 1995 
1998 1997 
1999 268 
1999 252 
2002 2000 
2002 2001 
2004 2003 
2005 63 
2005 713 
2006 77 
2006 1124 
2006 27 
2009 2007 
2009 2008 
2012 2010 
2012 2011 
2016 2013 
2016 2014 
2016 2015 
2017 489 
2017 497 
2017 28 
2018 1668 
2021 2019 
2021 2020 
2023 2022 
2023 857 
2025 2024 
2027 2026 
2030 2028 
2030 2029 
2033 2031 
2033 2032 
2035 1008 
2035 1373 
2035 2034 
2037 2036 
2038 626 
2039 284 
2039 402 
2043 2040 
2043 2041 
2043 2042 
2045 2044 
2045 281 
2046 412 
2046 413 
2047 117 
2049 2048 
2051 1003 
2051 2050 
2053 2052 
2055 2054 
2057 2056 
2058 1577 
2060 2059 
2062 2061 
2065 2063 
2065 2064 
2067 2066 
2067 1554 
2069 284 
2069 2068 
2072 2070 
2072 2071 
2072 28 
2073 1003 
2075 2074 
2075 1554 
2076 1177 
2079 2077 
2079 218 
2079 2078 
2081 2080 
2081 592 
2082 130 
2085 2083 
2085 2084 
2088 804 
2088 2087 
2091 2089 
2091 2090 
2093 2092 
2093 99 
2096 2094 
2096 2095 
2098 2097 
2101 2099 
2101 2100 
2103 2102 
2108 2104 
2108 2105 
2108 2106 
2108 2107 
2109 21 
2109 361 
2113 2110 
2113 2111 
2113 2112 
2114 396 
2114 397 
2116 205 
2116 2115 
2118 2117 
2121 2119 
2121 2120 
2123 2122 
2125 503 
2125 2124 
2127 193 
2127 2126 
2130 873 
2130 2128 
2130 2129 
2131 835 
2132 1157 
2135 2133 
2135 2134 
2137 1190 
2137 2136 
2139 263 
2139 264 
2139 2138 
2139 1300 
2140 715 
2141 717 
2143 2142 
2146 2144 
2146 1250 
2146 72 
2146 2145 
2147 589 
2149 2148 
2149 504 
2149 503 
2150 879 
2154 243 
2154 2151 
2154 2152 
2154 2153 
2158 2155 
2158 2156 
2158 2157 
2160 2092 
2160 2159 
2161 821 
2161 887 
2162 2104 
2162 2105 
2162 2107 
2165 1143 
2165 2163 
2165 2164 
2166 966 
2167 1868 
2167 1869 
2170 2168 
2170 1574 
2170 2169 
2173 2171 
2173 2172 
2175 2174 
2176 82 
2178 2177 
2178 1279 
2178 1048 
2181 2179 
2181 2180 
2183 2182 
2184 875 
2186 424 
2186 2185 
2186 248 
2187 815 
2187 365 
2191 2188 
2191 2189 
2191 1308 
2191 2190 
2194 2192 
2194 589 
2194 2193 
2196 2195 
2200 2197 
2200 2198 
2200 2199 
2201 487 
2203 2202 
2203 1903 
2204 1406 
2206 2205 
2206 1481 
2206 783 
2207 422 
2209 2208 
2209 1794 
2211 2210 
2212 879 
2216 2213 
2216 2214 
2216 2215 
2218 2217 
2219 1283 
2222 2220 
2222 2221 
2225 2223 
2225 2224 
2229 2226 
2229 2227 
2229 2228 
2232 2230 
2232 2231 
2234 2233 
2234 161 
2235 642 
2235 641 
2236 284 
2236 285 
2238 2237 
2240 2239 
2243 2241 
2243 2242 
2244 1324 
2244 1326 
2246 1054 
2246 2245 
2248 1005 
2248 2247 
2249 1502 
2249 1503 
2251 2250 
2251 376 
2253 2252 
2256 2254 
2256 2255 
2258 19 
2258 2257 
2259 604 
2261 2260 
2265 2262 
2265 2263 
2265 2264 
2268 527 
2268 2266 
2268 2267 
2270 2269 
2271 1643 
2275 2272 
2275 2273 
2275 2274 
2281 2276 
2281 2277 
2281 2278 
2281 2279 
2281 2280 
2284 2282 
2284 2283 
2285 1723 
2288 2286 
2288 2287 
2289 1794 
2290 127 
2290 128 
2292 2291 
2293 1366 
2294 127 
2297 2295 
2297 2296 
2299 442 
2301 2300 
2304 2302 
2304 2303 
2306 2305 
2306 2134 
2307 1932 
2309 2308 
2309 1894 
2310 974 
2312 2311 
2315 2313 
2315 2314 
2318 2316 
2318 2317 
2318 385 
2318 386 
2320 717 
2320 2319 
2321 415 
2322 2105 
2322 248 
2324 2323 
2327 2325 
2327 2326 
2329 2208 
2329 2328 
2330 692 
2332 1868 
2332 1869 
2335 2334 
2335 1048 
2337 2336 
2337 1398 
2337 2296 
2340 2338 
2340 2339 
2344 2342 
2344 2343 
2345 54 
2347 2346 
2349 2348 
2351 2350 
2354 2352 
2354 2353 
2356 1263 
2356 2355 
2359 2357 
2359 2358 
2361 819 
2361 115 
2361 2360 
2362 821 
2363 1443 
2365 2364 
2366 13 
2366 14 
2368 2367 
2370 600 
2370 2369 
2372 2371 
2372 1097 
2373 363 
2374 205 
2377 2008 
2377 2375 
2377 2376 
2379 1995 
2379 2378 
2381 2380 
2381 424 
2385 2382 
2385 2383 
2385 2384 
2388 2386 
2388 2387 
2390 2389 
2392 2391 
2394 2393 
2396 2395 
2397 330 
2398 867 
2398 2250 
2402 2399 
2402 2400 
2402 2401 
2406 2403 
2406 1012 
2406 2404 
2406 2405 
2407 358 
2408 77 
2408 27 
2410 396 
2410 2409 
2411 254 
2413 2412 
2417 2414 
2417 2415 
2417 2416 
2419 2418 
2421 2420 
2421 1631 
2421 177 
2424 2422 
2424 2423 
2426 821 
2428 2427 
2430 2429 
2430 390 
2433 2431 
2433 2432 
2433 619 
2435 2319 
2436 838 
2436 837 
2438 2437 
2440 2439 
2443 2441 
2443 2442 
2445 2444 
2445 1469 
2447 489 
2447 2446 
2449 2448 
2451 2450 
2453 2452 
2455 2454 
2458 2456 
2458 2000 
2458 2457 
2460 97 
2460 2459 
2464 2461 
2464 2364 
2464 2462 
2464 2463 
2468 2465 
2468 2466 
2468 2467 
2469 1294 
2472 2470 
2472 2471 
2473 1133 
2473 811 
2476 2475 
2477 787 
2478 248 
2481 2479 
2481 2480 
2484 2482 
2484 2483 
2486 2485 
2489 2487 
2489 2488 
2491 2490 
2493 2492 
2493 479 
2495 2494 
2498 1005 
2498 2496 
2498 2497 
2500 1990 
2500 2499 
2501 692 
2503 2502 
2504 74 
2504 1251 
2505 1425 
2506 1990 
2506 2452 
2507 2007 
2509 2508 
2511 2510 
2512 43 
2512 2174 
2513 2316 
2513 1587 
2514 867 
2514 2250 
2514 376 
2516 2515 
2518 1502 
2518 1503 
2518 2517 
2520 2519 
2520 1165 
2520 899 
2524 2521 
2524 2522 
2524 2523 
2526 2525 
2528 2527 
2530 396 
2530 2529 
2533 1527 
2533 2532 
2534 2205 
2534 166 
2535 2446 
2535 483 
2536 2364 
2536 1409 
2537 284 
2537 1725 
2539 2538 
2543 2540 
2543 2541 
2543 2542 
2544 84 
2546 2545 
2548 2547 
2548 503 
2550 2549 
2552 1386 
2554 2553 
2554 1846 
2555 537 
2555 123 
2556 28 
2558 1451 
2558 2557 
2561 2559 
2561 2560 
2561 1217 
2562 81 
2562 82 
2565 2563 
2565 2564 
2565 1206 
2568 1981 
2568 2566 
2568 2567 
2570 2066 
2570 2569 
2570 220 
2571 363 
2573 2572 
2574 605 
2576 2575 
2576 14 
2579 2577 
2579 2578 
2583 2580 
2583 2581 
2583 2582 
2585 1157 
2585 2584 
2586 141 
2589 2587 
2589 2588 
2591 2590 
2591 445 
2592 596 
2592 218 
2594 1469 
2594 2593 
2595 826 
2597 2596 
2598 285 
2601 2029 
2601 2599 
2601 2600 
2602 1622 
2604 701 
2604 2603 
2608 2605 
2608 2606 
2608 2607 
2610 2609 
2611 641 
2611 489 
2614 2612 
2614 2613 
2616 817 
2616 2615 
2618 1407 
2618 819 
2618 115 
2618 2617 
2620 2619 
2621 609 
2621 610 
2623 2622 
2626 2624 
2626 1263 
2626 2625 
2628 2627 
2630 1050 
2630 2629 
2633 2631 
2633 2632 
2635 2634 
2637 2636 
2637 1048 
2638 284 
2638 285 
2640 2639 
2640 2375 
2640 2376 
2641 787 
2643 769 
2643 559 
2646 2456 
2646 2644 
2646 2645 
2648 2647 
2651 2649 
2651 2650 
2653 2652 
2653 2199 
2655 2654 
2655 1078 
2657 2656 
2659 2658 
2661 2660 
2663 2662 
2665 1263 
2665 2008 
2665 2664 
2666 74 
2666 252 
2666 82 
2666 358 
2666 282 
2670 2667 
2670 2668 
2670 2669 
2674 2671 
2674 2672 
2674 2673 
2676 22 
2676 2675 
2677 469 
2677 470 
2678 1324 
2680 826 
2680 2679 
2681 2364 
2681 1060 
2682 1959 
2684 760 
2684 761 
2684 2683 
2685 22 
2685 260 
2686 840 
2687 798 
2687 2080 
2689 736 
2689 2688 
2691 2690 
2694 2692 
2694 2693 
2696 2695 
2700 2697 
2700 2698 
2700 2699 
2701 72 
2703 1959 
2703 2702 
2705 2704 
2706 736 
2708 316 
2708 2707 
2711 2709 
2711 2710 
2714 1060 
2714 2712 
2714 2713 
2716 2198 
2716 2715 
2717 332 
2718 2092 
2718 766 
2721 2719 
2721 2720 
2721 875 
2725 2722 
2725 2723 
2725 2724 
2727 1432 
2727 2726 
2730 2728 
2730 2729 
2732 2731 
2732 801 
2733 183 
2736 2734 
2736 2735 
2738 2737 
2738 63 
2740 2739 
2742 2741 
2746 2743 
2746 2744 
2746 2745 
2748 2747 
2751 2749 
2751 442 
2751 2750 
2752 1443 
2752 2205 
2755 2753 
2755 2754 
2756 252 
2756 82 
2758 489 
2758 2757 
2761 2759 
2761 2760 
2763 527 
2763 2762 
2763 2267 
2764 1676 
2767 2765 
2767 2766 
2769 2768 
2770 537 
2770 358 
2770 123 
2772 2771 
2773 2446 
2775 2774 
2777 2776 
2777 1157 
2779 2778 
2781 2780 
2781 2364 
2782 97 
2782 2205 
2784 2783 
2785 1080 
2787 2786 
2787 30 
2788 2064 
2790 156 
2790 2789 
2792 2791 
2793 2580 
2793 2582 
2793 2581 
2795 2794 
2795 1122 
2798 2796 
2798 170 
2798 2797 
2802 2799 
2802 2800 
2802 2801 
2804 2803 
2806 2456 
2806 2805 
2808 1061 
2808 2807 
2808 1823 
2809 1447 
2810 483 
2813 2811 
2813 2812 
2815 2814 
2817 2816 
2819 2749 
2819 2818 
2823 2820 
2823 2821 
2823 2822 
2824 1068 
2825 1322 
2828 2826 
2828 2827 
2828 1454 
2829 2446 
2831 2830 
2831 1144 
2833 2832 
2834 127 
2834 985 
2836 2835 
2837 170 
2840 2838 
2840 2839 
2843 2841 
2843 2842 
2843 1517 
2843 1736 
2848 2844 
2848 2845 
2848 2846 
2848 2847 
2856 2849 
2856 2850 
2856 2851 
2856 2852 
2856 535 
2856 2853 
2856 2854 
2856 2855 
2859 2857 
2859 2858 
2859 1511 
2859 1255 
2861 82 
2861 2860 
2862 736 
2864 2863 
2865 1616 
2865 1615 
2868 2866 
2868 2867 
2871 2869 
2871 2870 
2873 2872 
2875 489 
2875 28 
2875 2874 
2878 2876 
2878 2877 
2878 539 
2879 829 
2879 123 
2881 2880 
2882 867 
2882 2250 
2885 2883 
2885 2884 
2889 2886 
2889 2887 
2889 2888 
2893 1489 
2893 2295 
2893 2296 
2893 2890 
2893 2891 
2893 2892 
2895 2894 
2896 2205 
2897 469 
2897 265 
2897 470 
2899 482 
2899 2898 
2901 1060 
2901 2900 
2904 2902 
2904 2903 
2904 998 
2905 84 
2907 2906 
2910 2908 
2910 2909 
2910 1447 
2912 2911 
2914 2913 
2915 205 
2915 501 
2917 769 
2917 2916 
2920 2918 
2920 2919 
2921 1157 
2922 787 
2926 2867 
2926 2923 
2926 2924 
2926 2925 
2928 2927 
2928 1406 
2929 248 
2931 268 
2931 1384 
2931 2930 
2933 156 
2933 2932 
2934 2826 
2934 2827 
2934 1454 
2940 2935 
2940 2936 
2940 109 
2940 2937 
2940 2938 
2940 2939 
2942 2941 
2942 163 
2945 2943 
2945 2944 
2945 1745 
2948 2946 
2948 2947 
2950 2949 
2952 2951 
2952 63 
2953 1794 
2955 2954 
2957 2956 
2958 829 
2960 2959 
2960 2300 
2961 1577 
2966 2962 
2966 2963 
2966 2964 
2966 2965 
2968 2967 
2968 1244 
2970 2969 
2971 2483 
2973 2972 
2973 1384 
2973 252 
2973 82 
2975 2974 
2975 2106 
2979 2976 
2979 2977 
2979 2978 
2981 2980 
2984 2983 
2987 2985 
2987 2986 
2988 357 
2988 82 
2988 358 
2988 359 
2990 1005 
2990 2989 
2990 2497 
2990 404 
2991 1401 
2994 2992 
2994 54 
2994 2993 
2996 2522 
2996 2034 
2996 2995 
2997 604 
2997 1133 
2999 2998 
3001 3000 
3003 3002 
3004 63 
3004 713 
3005 2260 
3006 1078 
3006 2654 
3008 3007 
3010 3009 
3010 831 
3010 1078 
3012 1745 
3012 3011 
3012 1746 
3014 3013 
3014 1176 
3015 2830 
3015 1144 
3016 81 
3016 252 
3016 82 
3018 3017 
3021 3019 
3021 3020 
3023 3022 
3024 452 
3026 3025 
3028 3027 
3030 141 
3030 3029 
3033 1050 
3033 3031 
3033 3032 
3035 3034 
3036 2998 
3037 508 
3038 284 
3038 285 
3038 27 
3040 3039 
3040 503 
3040 504 
3042 3041 
3042 1157 
3043 1122 
3043 82 
3045 3044 
3049 3047 
3049 3048 
3051 3050 
3052 1527 
3056 3053 
3056 3054 
3056 3055 
3059 3058 
3062 3060 
3062 3061 
3064 3063 
3066 3065 
3068 597 
3068 3067 
3070 3069 
3073 3071 
3073 3072 
3075 3074 
3076 2814 
3079 3077 
3079 3078 
3079 442 
3081 3080 
3083 3082 
3084 1192 
3085 1527 
3086 30 
3089 3088 
3091 3090 
3092 1239 
3095 3093 
3095 3094 
3097 3096 
3099 3098 
3102 3100 
3102 3101 
3105 3103 
3105 3104 
3109 3106 
3109 3107 
3109 3108 
3109 1010 
3111 3110 
3112 1220 
3112 207 
3114 3113 
3116 2003 
3118 923 
3118 1728 
3118 3117 
3121 3119 
3121 3120 
3123 3122 
3124 1089 
3124 1090 
3127 3125 
3127 3126 
3129 3128 
3131 3130 
3131 715 
3133 3132 
3134 1201 
3136 3135 
3136 2749 
3136 442 
3137 436 
3138 2205 
3138 418 
3140 3139 
3141 2675 
3145 3142 
3145 3143 
3145 3144 
3146 101 
3146 582 
3147 27 
3149 3148 
3151 3150 
3153 2739 
3153 3152 
3156 3154 
3156 3155 
3156 876 
3158 3157 
3161 3159 
3161 3160 
3163 2144 
3163 1384 
3163 72 
3163 3162 
3166 3164 
3166 3165 
3168 1250 
3168 1580 
3168 3167 
3169 2102 
3169 2034 
3171 3170 
3172 2148 
3174 3173 
3176 3175 
3178 3177 
3179 821 
3180 2346 
3183 2496 
3183 3182 
3185 3184 
3186 1955 
3186 879 
3187 979 
3187 1154 
3189 3188 
3189 537 
3189 808 
3192 3190 
3192 3191 
3193 1324 
3193 436 
3197 3194 
3197 3195 
3197 3196 
3201 3198 
3201 3199 
3201 3200 
3204 3202 
3204 3203 
3206 3205 
3209 3207 
3209 3208 
3210 1052 
3210 2092 
3210 99 
3211 396 
3214 3212 
3214 3213 
3216 3215 
3217 447 
3220 3218 
3220 3219 
3222 3221 
3224 3223 
3225 263 
3225 264 
3229 3226 
3229 3227 
3229 3228 
3230 769 
3230 559 
3231 1723 
3234 3232 
3234 3233 
3236 3235 
3238 527 
3238 2267 
3238 3237 
3240 3239 
3240 2600 
3242 1654 
3242 3241 
3243 2250 
3243 376 
3245 1054 
3245 1055 
3245 699 
3245 3244 
3247 3246 
3249 1796 
3249 3248 
3253 3250 
3253 3251 
3253 3252 
3254 3159 
3254 123 
3255 1646 
3258 3256 
3258 3257 
3261 2786 
3261 30 
3262 1468 
3262 1469 
3263 1203 
3264 821 
3266 3265 
3267 95 
3267 96 
3267 97 
3269 3268 
3273 3270 
3273 3271 
3273 3272 
3274 1324 
3274 3025 
3275 81 
3275 82 
3277 3276 
3277 1384 
3277 72 
3279 328 
3279 3278 
3280 2939 
3282 3281 
3285 3283 
3285 3284 
3285 1048 
3286 51 
3286 28 
3289 3287 
3289 3288 
3291 3290 
3291 1475 
3292 2475 
3293 1891 
3295 3294 
3299 3296 
3299 3297 
3299 3298 
3301 3300 
3305 3303 
3305 3304 
3308 3306 
3308 3307 
3309 588 
3311 3310 
3311 79 
3312 202 
3312 2739 
3313 86 
3313 87 
3314 243 
3314 2446 
3314 163 
3315 1060 
3315 1583 
3316 500 
3316 156 
3319 3317 
3319 3318 
3320 177 
3323 1003 
3323 2346 
3323 3321 
3323 3322 
3325 3324 
3326 1511 
3326 1255 
3326 1512 
3331 3327 
3331 3328 
3331 3329 
3331 3330 
3334 3332 
3334 3333 
3338 3335 
3338 3336 
3338 3337 
3342 3339 
3342 3340 
3342 3341 
3349 3343 
3349 3344 
3349 3345 
3349 3346 
3349 3347 
3349 3348 
3354 3350 
3354 3351 
3354 3352 
3354 3353 
3358 3355 
3358 3356 
3358 3357 
3362 3359 
3362 3360 
3362 3361 
3366 3363 
3366 3364 
3366 3365 
3370 3367 
3370 3368 
3370 3369 
3374 3371 
3374 3372 
3374 3373 
3379 3375 
3379 3376 
3379 3328 
3379 3377 
3379 3378 
3381 3380 
3381 3336 
3386 3382 
3386 3383 
3386 3384 
3386 3385 
3389 3387 
3389 3388 
3392 3390 
3392 3391 
3397 3393 
3397 3394 
3397 3395 
3397 3396 
3400 3398 
3400 3399 
3403 3401 
3403 3402 
3408 3404 
3408 3405 
3408 3406 
3408 3407 
3412 3409 
3412 3410 
3412 3411 
3417 3413 
3417 3414 
3417 3415 
3417 3416 
3423 3418 
3423 3419 
3423 3420 
3423 3421 
3423 3422 
3427 3424 
3427 3425 
3427 393 
3427 3426 
3430 3428 
3430 3429 
3433 3431 
3433 3432 
3437 3434 
3437 3435 
3437 3436 
3442 3438 
3442 3439 
3442 3440 
3442 3441 
3442 2883 
3445 3443 
3445 3444 
3449 3446 
3449 3447 
3449 3448 
3454 3450 
3454 3451 
3454 3452 
3454 3453 
3458 3455 
3458 3456 
3458 3457 
3464 3459 
3464 3460 
3464 3461 
3464 3462 
3464 3463 
3469 3465 
3469 3466 
3469 3467 
3469 3468 
3472 3470 
3472 3471 
3473 3428 
3473 3429 
3477 3474 
3477 3475 
3477 3476 
3481 3478 
3481 3420 
3481 3479 
3481 3480 
3481 3419 
3485 3482 
3485 3483 
3485 3484 
3485 753 
3487 410 
3487 3486 
3487 3483 
3492 3488 
3492 3489 
3492 3490 
3492 3491 
3496 3493 
3496 3494 
3496 3495 
3499 3497 
3499 3498 
3499 3451 
3499 3453 
3502 3500 
3502 3419 
3502 3501 
3506 3503 
3506 3504 
3506 3505 
3511 3507 
3511 3508 
3511 3509 
3511 3510 
3515 3512 
3515 3513 
3515 3514 
3519 3516 
3519 3517 
3519 3518 
3521 3520 
3521 3336 
3521 3373 
3526 3522 
3526 3523 
3526 3524 
3526 3525 
3533 3527 
3533 3528 
3533 3529 
3533 3530 
3533 3531 
3533 3532 
3538 3534 
3538 3535 
3538 3536 
3538 3537 
3541 3539 
3541 3540 
3545 3542 
3545 3543 
3545 3544 
3551 3546 
3551 3547 
3551 3548 
3551 3549 
3551 3550 
3554 3552 
3554 3553 
3557 3555 
3557 3556 
3561 3558 
3561 3559 
3561 3560 
3564 3562 
3564 3563 
3568 3565 
3568 3566 
3568 3567 
3572 3569 
3572 3570 
3572 3571 
3580 3573 
3580 3574 
3580 3575 
3580 3576 
3580 3577 
3580 3578 
3580 3579 
3584 3581 
3584 3582 
3584 3583 
3590 3585 
3590 3586 
3590 3587 
3590 3588 
3590 3589 
3598 3591 
3598 3592 
3598 3593 
3598 3594 
3598 3595 
3598 3596 
3598 3597 
3601 3599 
3601 3600 
3606 3602 
3606 3603 
3606 3604 
3606 3605 
3611 3607 
3611 3608 
3611 3609 
3611 3610 
3614 3612 
3614 3613 
3618 3615 
3618 3616 
3618 3617 
3620 3619 
3626 3621 
3626 3622 
3626 3623 
3626 3624 
3626 3625 
3628 3627 
3631 3629 
3631 3630 
3637 3632 
3637 3633 
3637 3634 
3637 3635 
3637 3636 
3641 3638 
3641 3639 
3641 3640 
3650 3642 
3650 3643 
3650 3644 
3650 3645 
3650 3646 
3650 3647 
3650 3648 
3650 3649 
3656 3651 
3656 3652 
3656 3653 
3656 3654 
3656 3655 
3661 3657 
3661 3658 
3661 3659 
3661 3660 
3665 3662 
3665 3663 
3665 3664 
3669 3666 
3669 3667 
3669 3668 
3673 3670 
3673 3671 
3673 3672 
3677 3674 
3677 3675 
3677 3676 
3685 3678 
3685 3679 
3685 3680 
3685 3681 
3685 3682 
3685 3683 
3685 3684 
3688 3686 
3688 3687 
3693 3690 
3693 3691 
3693 3692 
3695 3599 
3695 3694 
3701 3696 
3701 3697 
3701 3698 
3701 3699 
3701 3700 
3708 3703 
3708 3704 
3708 3705 
3708 3706 
3708 3707 
3712 3709 
3712 3710 
3712 3711 
3715 3713 
3715 3714 
3724 3717 
3724 3718 
3724 3719 
3724 3720 
3724 3721 
3724 3722 
3724 3723 
3727 3725 
3727 3726 
3736 3728 
3736 3729 
3736 3730 
3736 3731 
3736 3732 
3736 3733 
3736 3734 
3736 3735 
3738 3737 
3744 3739 
3744 3740 
3744 3741 
3744 3742 
3744 3743 
3749 3745 
3749 3746 
3749 3747 
3749 3748 
3754 3750 
3754 3751 
3754 3752 
3754 3753 
3759 3755 
3759 3756 
3759 3757 
3759 3758 
3766 3760 
3766 3761 
3766 3762 
3766 3763 
3766 3764 
3766 3765 
3771 3767 
3771 3768 
3771 3769 
3771 3770 
3774 3542 
3774 3772 
3774 3773 
3776 3592 
3776 3775 
3776 3595 
3779 3777 
3779 3778 
3784 3780 
3784 3781 
3784 3782 
3784 3783 
3787 3785 
3787 3786 
3795 3788 
3795 3789 
3795 3790 
3795 3791 
3795 3792 
3795 3793 
3795 3794 
3798 3796 
3798 3797 
3800 3799 
3800 3783 
3811 3801 
3811 3802 
3811 3803 
3811 3804 
3811 3805 
3811 3806 
3811 3807 
3811 3662 
3811 3808 
3811 3809 
3811 3810 
3815 3812 
3815 3813 
3815 3814 
3817 3816 
3821 3818 
3821 3819 
3821 3820 
3826 3822 
3826 3823 
3826 3824 
3826 3825 
3828 3827 
3828 3629 
3831 3829 
3831 3830 
3835 3527 
3835 3528 
3835 3530 
3835 3531 
3835 3832 
3835 3833 
3835 3834 
3840 3696 
3840 3697 
3840 3836 
3840 3837 
3840 3838 
3840 3839 
3840 3649 
3846 3841 
3846 3842 
3846 3843 
3846 3844 
3846 3845 
3850 3847 
3850 3848 
3850 3849 
3857 3851 
3857 3852 
3857 3853 
3857 3854 
3857 3855 
3857 3856 
3862 3858 
3862 3859 
3862 3860 
3862 3861 
3866 3863 
3866 3864 
3866 3865 
3868 3867 
3873 3869 
3873 3870 
3873 3871 
3873 3872 
3875 3874 
3883 3876 
3883 3877 
3883 3878 
3883 3879 
3883 3880 
3883 3881 
3883 3882 
3885 3884 
3890 3886 
3890 3887 
3890 3888 
3890 3889 
3892 3891 
3895 3893 
3895 3894 
3898 3896 
3898 3897 
3902 3899 
3902 3697 
3902 3900 
3902 3839 
3902 3901 
3906 3903 
3906 3904 
3906 3905 
3909 3907 
3909 3653 
3909 3651 
3909 3652 
3909 3908 
3909 3655 
3912 3910 
3912 3911 
3916 3913 
3916 3914 
3916 3915 
3920 3917 
3920 3918 
3920 3919 
3920 3907 
3920 3653 
3920 3654 
3920 3655 
3925 3921 
3925 3574 
3925 3922 
3925 3923 
3925 3924 
3928 3658 
3928 3926 
3928 3927 
3928 3733 
3928 3660 
3933 3929 
3933 3930 
3933 3931 
3933 3932 
3938 3934 
3938 3935 
3938 3936 
3938 3937 
3942 3939 
3942 3940 
3942 3941 
3947 3855 
3947 3943 
3947 3944 
3947 3945 
3947 3946 
3947 3856 
3951 3948 
3951 3949 
3951 3950 
3952 3943 
3952 3652 
3952 3907 
3952 3655 
3957 3953 
3957 3954 
3957 3955 
3957 3956 
3963 3958 
3963 3959 
3963 3960 
3963 3961 
3963 3962 
3966 3839 
3966 3697 
3966 3964 
3966 3965 
3966 3838 
3969 3967 
3969 3968 
3973 3970 
3973 3971 
3973 3972 
3978 3974 
3978 3975 
3978 3976 
3978 3977 
3981 3979 
3981 3980 
3987 3982 
3987 3983 
3987 3984 
3987 3985 
3987 3986 
3989 3652 
3989 3653 
3989 3651 
3989 3654 
3989 3988 
3989 3655 
3993 3990 
3993 3991 
3993 3992 
3996 3994 
3996 3995 
3999 3997 
3999 3998 
4004 4000 
4004 4001 
4004 4002 
4004 4003 
4009 4005 
4009 4006 
4009 4007 
4009 4008 
4019 4010 
4019 4011 
4019 4012 
4019 4013 
4019 4014 
4019 4015 
4019 4016 
4019 4017 
4019 4018 
4023 4020 
4023 4021 
4023 4022 
4030 4024 
4030 4025 
4030 4026 
4030 4027 
4030 4028 
4030 4029 
4036 4031 
4036 4032 
4036 4033 
4036 4034 
4036 4035 
4039 4037 
4039 4038 
4044 4040 
4044 4041 
4044 4042 
4044 4043 
4050 4045 
4050 4046 
4050 4047 
4050 4048 
4050 4049 
4053 4051 
4053 4052 
4059 4054 
4059 4055 
4059 4056 
4059 4057 
4059 4058 
4062 4060 
4062 4061 
4065 4063 
4065 4064 
4071 4066 
4071 4067 
4071 4068 
4071 4069 
4071 4070 
4076 4072 
4076 4073 
4076 4074 
4076 4075 
4076 3730 
4078 4077 
4080 4079 
4084 4081 
4084 4082 
4084 4083 
4090 4085 
4090 4086 
4090 4087 
4090 4088 
4090 4089 
4096 4091 
4096 4092 
4096 4093 
4096 4094 
4096 4095 
4102 4097 
4102 4098 
4102 4099 
4102 4100 
4102 4101 
4105 4103 
4105 4104 
4107 4106 
4109 4108 
4111 4110 
4115 4112 
4115 4113 
4115 4114 
4119 4116 
4119 4117 
4119 4118 
4122 4120 
4122 4121 
4124 4123 
4128 4125 
4128 4126 
4128 4127 
4130 4129 
4137 4131 
4137 4132 
4137 4133 
4137 4134 
4137 4135 
4137 4136 
4142 4138 
4142 4139 
4142 4140 
4142 4141 
4149 4143 
4149 4144 
4149 4145 
4149 4146 
4149 4147 
4149 4148 
4155 4150 
4155 4151 
4155 4152 
4155 4153 
4155 4154 
4159 3662 
4159 4156 
4159 4157 
4159 4158 
4163 4160 
4163 4161 
4163 4162 
4163 3783 
4166 4164 
4166 4165 
4171 4167 
4171 4168 
4171 4169 
4171 4170 
4176 4172 
4176 4173 
4176 4174 
4176 4175 
4181 4177 
4181 4178 
4181 4179 
4181 4180 
4185 4182 
4185 4183 
4185 4184 
4186 3629 
4192 4188 
4192 4189 
4192 4190 
4192 4191 
4193 3767 
4193 3769 
4196 4194 
4196 3697 
4196 4195 
4201 4197 
4201 4198 
4201 4199 
4201 4200 
4201 4182 
4205 4202 
4205 4203 
4205 4204 
4209 4206 
4209 4207 
4209 4208 
4214 4210 
4214 4211 
4214 4212 
4214 4213 
4220 4216 
4220 4217 
4220 4218 
4220 4219 
4228 4221 
4228 4222 
4228 4223 
4228 4224 
4228 4225 
4228 4226 
4228 4227 
4230 4229 
4232 3990 
4232 4231 
4238 4233 
4238 4234 
4238 4235 
4238 4236 
4238 3879 
4238 4237 
4238 3882 
4238 3881 
4245 4239 
4245 4240 
4245 4241 
4245 4242 
4245 4243 
4245 4244 
4248 4246 
4248 4247 
4252 4249 
4252 4250 
4252 4251 
4258 4253 
4258 4254 
4258 4255 
4258 4256 
4258 4257 
4258 3687 
4259 3574 
4259 3573 
4261 4260 
4261 3939 
4261 3940 
4265 4262 
4265 4263 
4265 4264 
4271 4266 
4271 4267 
4271 4268 
4271 4269 
4271 4270 
4275 4272 
4275 4273 
4275 4274 
4281 4276 
4281 3697 
4281 3696 
4281 4277 
4281 4278 
4281 4279 
4281 3649 
4281 4280 
4284 4282 
4284 4283 
4289 4285 
4289 4286 
4289 4287 
4289 4288 
4295 4290 
4295 4291 
4295 4292 
4295 4293 
4295 4294 
4300 4296 
4300 4297 
4300 4298 
4300 4299 
4302 3799 
4302 4301 
4302 3783 
4304 3576 
4304 3573 
4304 4002 
4304 4000 
4304 4303 
4310 4305 
4310 4306 
4310 4307 
4310 4308 
4310 4309 
4314 3658 
4314 4311 
4314 4312 
4314 4313 
4320 4315 
4320 4316 
4320 4317 
4320 4318 
4320 4319 
4322 4321 
4326 4323 
4326 4324 
4326 4325 
4341 4327 
4341 4328 
4341 4329 
4341 4330 
4341 4331 
4341 4332 
4341 4333 
4341 4334 
4341 4335 
4341 4336 
4341 4337 
4341 4338 
4341 4339 
4341 4340 
4345 4342 
4345 4343 
4345 4344 
4351 3982 
4351 4346 
4351 4347 
4351 4348 
4351 4349 
4351 4350 
4353 4352 
4353 3644 
4353 3643 
4353 3645 
4359 4354 
4359 4355 
4359 4356 
4359 4357 
4359 4358 
4361 4360 
4361 4206 
4364 4362 
4364 4363 
4367 4365 
4367 4366 
4370 4368 
4370 4369 
4372 4371 
4378 4373 
4378 4374 
4378 4375 
4378 4376 
4378 4377 
4381 4379 
4381 4380 
4383 4382 
4387 4384 
4387 4385 
4387 4386 
4394 4388 
4394 4389 
4394 4390 
4394 4391 
4394 4392 
4394 4393 
4400 4395 
4400 4396 
4400 4397 
4400 4398 
4400 4399 
4405 4401 
4405 4402 
4405 4403 
4405 4404 
4410 4406 
4410 4407 
4410 4347 
4410 4408 
4410 4409 
4412 4411 
4415 4413 
4415 4414 
4421 4417 
4421 4418 
4421 4419 
4421 4420 
4423 4422 
4426 4424 
4426 3619 
4426 4425 
4429 4388 
4429 4393 
4429 4427 
4429 4428 
4432 4430 
4432 4431 
4439 4433 
4439 4434 
4439 4435 
4439 4436 
4439 4437 
4439 4438 
4442 4440 
4442 4441 
4442 3871 
4444 4443 
4444 4371 
4447 3592 
4447 4445 
4447 4446 
4453 4448 
4453 4449 
4453 4450 
4453 4451 
4453 4452 
4456 4454 
4456 4455 
4458 4457 
4461 4459 
4461 4460 
4464 4462 
4464 4463 
4467 4465 
4467 4466 
4470 4465 
4470 4469 
4476 4309 
4476 4471 
4476 4472 
4476 4473 
4476 4474 
4476 4475 
4477 4422 
4482 4478 
4482 4479 
4482 4480 
4482 4481 
4485 3592 
4485 4483 
4485 4484 
4490 4486 
4490 4487 
4490 4488 
4490 4489 
4493 4491 
4493 3658 
4493 3659 
4493 4492 
4493 3660 
4495 4494 
4497 3974 
4497 3975 
4497 4496 
4497 3977 
4502 4499 
4502 4500 
4502 4501 
4509 4503 
4509 4504 
4509 4505 
4509 4506 
4509 4507 
4509 4508 
4512 4510 
4512 3853 
4512 4511 
4516 4513 
4516 3667 
4516 4514 
4516 4515 
4522 4517 
4522 4518 
4522 4519 
4522 4520 
4522 4521 
4525 4523 
4525 4524 
4525 3872 
4525 3871 
4529 4526 
4529 4527 
4529 4528 
4533 4530 
4533 4531 
4533 4532 
4541 4534 
4541 4535 
4541 4536 
4541 4537 
4541 4538 
4541 4539 
4541 4540 
4545 4542 
4545 4543 
4545 4544 
4550 4546 
4550 4547 
4550 4548 
4550 4549 
4558 4551 
4558 4552 
4558 4553 
4558 4554 
4558 4555 
4558 4556 
4558 4557 
4562 4559 
4562 4560 
4562 4561 
4565 4563 
4565 4564 
4568 4566 
4568 4567 
4572 4569 
4572 4570 
4572 4571 
4574 4573 
4577 3819 
4577 3818 
4577 4575 
4577 4576 
4579 3965 
4579 3697 
4579 3839 
4579 3964 
4579 4578 
4582 4580 
4582 4581 
4585 4583 
4585 4584 
4588 4586 
4588 4587 
4590 4589 
4592 4591 
4596 2998 
4596 4593 
4596 4594 
4596 4595 
4599 4597 
4599 4598 
4601 4600 
4602 4371 
4606 4603 
4606 4604 
4606 4605 
4609 4607 
4609 4608 
4613 4610 
4613 4611 
4613 4484 
4613 4612 
4615 4614 
4621 4616 
4621 4617 
4621 4618 
4621 4619 
4621 4620 
4622 4164 
4625 3717 
4625 3718 
4625 3719 
4625 4623 
4625 4624 
4625 3721 
4625 3722 
4625 3723 
4626 4494 
4630 4627 
4630 4628 
4630 4629 
4630 4393 
4633 4631 
4633 4632 
4636 4634 
4636 4635 
4641 4637 
4641 4638 
4641 4639 
4641 4640 
4647 4642 
4647 4643 
4647 4644 
4647 4645 
4647 4646 
4652 4648 
4652 4649 
4652 4650 
4652 4651 
4658 4653 
4658 4654 
4658 4655 
4658 4656 
4658 4657 
4663 4659 
4663 4660 
4663 4661 
4663 4662 
4672 4664 
4672 4665 
4672 4666 
4672 4667 
4672 4668 
4672 4669 
4672 4670 
4672 4671 
4677 4673 
4677 4674 
4677 4675 
4677 4676 
4682 3728 
4682 4678 
4682 4679 
4682 4680 
4682 4681 
4683 4064 
4687 4684 
4687 4685 
4687 4671 
4687 4686 
4689 4688 
4689 3820 
4693 4690 
4693 3877 
4693 3878 
4693 4237 
4693 3879 
4693 4691 
4693 4692 
4693 3882 
4697 4694 
4697 4695 
4697 4696 
4697 4564 
4700 4698 
4700 3536 
4700 3537 
4700 4699 
4703 4701 
4703 4702 
4705 4704 
4709 4706 
4709 4707 
4709 4708 
4712 4710 
4712 4711 
4712 3820 
4718 4713 
4718 4714 
4718 4715 
4718 4716 
4718 4671 
4718 4717 
4723 4719 
4723 4720 
4723 4721 
4723 4722 
4724 3786 
4724 3785 
4733 4725 
4733 4726 
4733 4727 
4733 4728 
4733 4729 
4733 4730 
4733 4731 
4733 4732 
4742 4734 
4742 4735 
4742 4736 
4742 4737 
4742 4738 
4742 4739 
4742 4740 
4742 4741 
4753 4743 
4753 4744 
4753 4745 
4753 4746 
4753 4747 
4753 4748 
4753 4749 
4753 4750 
4753 4751 
4753 4752 
4756 4754 
4756 4755 
4758 4757 
4766 4759 
4766 4760 
4766 4761 
4766 4762 
4766 4763 
4766 4764 
4766 4765 
4770 4767 
4770 4768 
4770 4769 
4776 4771 
4776 4772 
4776 4773 
4776 4774 
4776 4775 
4779 4778 
4780 3737 
4783 4437 
4783 4781 
4783 4433 
4783 4435 
4783 4782 
4783 4438 
4785 4784 
4787 4786 
4787 4655 
4787 4653 
4787 4657 
4789 4788 
4791 4790 
4791 4587 
4799 4792 
4799 4793 
4799 4794 
4799 4795 
4799 4796 
4799 4797 
4799 4798 
4801 4800 
4805 4802 
4805 4803 
4805 4804 
4807 4806 
4807 4321 
4812 4808 
4812 4809 
4812 3575 
4812 3573 
4812 4810 
4812 4811 
4812 4303 
4817 4813 
4817 4814 
4817 4815 
4817 4816 
4820 4818 
4820 4819 
4826 4822 
4826 4823 
4826 3603 
4826 3604 
4826 3605 
4826 4824 
4826 4825 
4828 4827 
4834 4829 
4834 4830 
4834 4831 
4834 4832 
4834 4833 
4836 3555 
4836 4835 
4836 3556 
4843 4837 
4843 4838 
4843 4839 
4843 4840 
4843 4841 
4843 4842 
4843 4655 
4843 4656 
4843 4657 
4843 4653 
4845 4844 
4847 3982 
4847 3984 
4847 4846 
4850 4848 
4850 4849 
4855 4852 
4855 4853 
4855 4854 
4857 4856 
4858 4454 
4858 4455 
4860 4859 
4860 4759 
4860 4764 
4860 4765 
4866 4861 
4866 4862 
4866 4863 
4866 4864 
4866 4865 
4867 4695 
4867 4694 
4867 4696 
4867 4564 
4869 4868 
4872 4870 
4872 4871 
4874 4451 
4874 4873 
4876 4875 
4880 4877 
4880 4878 
4880 4879 
4883 4881 
4883 4882 
4884 3718 
4888 4885 
4888 4886 
4888 4887 
4889 3886 
4889 3887 
4889 3888 
4889 3889 
4893 3658 
4893 4890 
4893 4891 
4893 4892 
4893 3660 
4898 4894 
4898 4895 
4898 4896 
4898 4897 
4901 4899 
4901 4900 
4909 3954 
4909 4902 
4909 4903 
4909 4904 
4909 4905 
4909 4906 
4909 4907 
4909 4908 
4914 4910 
4914 3527 
4914 4911 
4914 4912 
4914 4913 
4918 4915 
4918 4916 
4918 4917 
4921 4919 
4921 4920 
4923 4922 
4923 4827 
4923 3872 
4926 4924 
4926 4925 
4927 4465 
4927 4466 
4930 4928 
4930 3645 
4930 4929 
4930 3643 
4935 4931 
4935 4932 
4935 4933 
4935 4934 
4940 4936 
4940 4937 
4940 4938 
4940 4939 
4943 4941 
4943 4942 
4944 3839 
4944 3697 
4944 3901 
4944 3899 
4944 3900 
4948 4945 
4948 4946 
4948 4947 
4953 4949 
4953 4950 
4953 4951 
4953 4952 
4957 4954 
4957 4955 
4957 4956 
4958 4454 
4958 4455 
4960 4959 
4960 3603 
4960 3604 
4960 3605 
4960 4567 
4960 4825 
4966 4961 
4966 4962 
4966 4963 
4966 4964 
4966 4965 
4969 4967 
4969 4968 
4975 4970 
4975 4971 
4975 4972 
4975 4973 
4975 4974 
4979 4976 
4979 4977 
4979 4978 
4979 3958 
4979 3783 
4983 3760 
4983 4980 
4983 4981 
4983 4982 
4987 4984 
4987 4985 
4987 4986 
4991 4988 
4991 4989 
4991 4990 
4994 3958 
4994 4993 
4994 4978 
5000 4995 
5000 4996 
5000 4997 
5000 4998 
5000 4999 
5002 5001 
5006 5003 
5006 5004 
5006 5005 
5009 5007 
5009 5008 
5014 5010 
5014 5011 
5014 5012 
5014 5013 
5015 3662 
5021 5016 
5021 5017 
5021 5018 
5021 5019 
5021 5020 
5023 5022 
5025 5024 
5026 4479 
5029 3643 
5029 4584 
5029 4583 
5029 5027 
5029 4280 
5029 5028 
5031 5030 
5038 5032 
5038 5033 
5038 5034 
5038 5035 
5038 5036 
5038 5037 
5039 3697 
5039 3839 
5039 3838 
5039 3964 
5044 5040 
5044 3729 
5044 5041 
5044 5042 
5044 3728 
5044 5043 
5051 5045 
5051 5046 
5051 5047 
5051 5048 
5051 5049 
5051 5050 
5054 4443 
5054 5052 
5054 5053 
5054 4371 
5057 5055 
5057 5056 
5065 5058 
5065 5059 
5065 5060 
5065 5061 
5065 5062 
5065 5063 
5065 5064 
5072 5003 
5072 5066 
5072 5067 
5072 5068 
5072 5069 
5072 5070 
5072 5071 
5075 5073 
5075 5074 
5079 5076 
5079 5077 
5079 5078 
5085 5080 
5085 5081 
5085 5082 
5085 5083 
5085 5084 
5088 5086 
5088 5087 
5089 4995 
5089 4996 
5089 4997 
5092 5090 
5092 3820 
5092 4484 
5092 5091 
5095 5093 
5095 5094 
5097 3662 
5097 5096 
5099 3767 
5099 3768 
5099 3769 
5099 5098 
5102 5100 
5102 5101 
5105 5103 
5105 5104 
5105 4873 
5106 2272 
5110 5107 
5110 5108 
5110 5109 
5112 4711 
5112 5090 
5112 3820 
5112 4484 
5112 5111 
5115 5113 
5115 5114 
5117 5116 
5124 5118 
5124 5119 
5124 5120 
5124 5121 
5124 5122 
5124 5123 
5133 5125 
5133 5126 
5133 5127 
5133 5128 
5133 5129 
5133 5130 
5133 5131 
5133 5132 
5134 4754 
5134 4755 
5135 3948 
5137 5136 
5137 4610 
5138 5043 
5138 3729 
5138 3728 
5138 5041 
5138 3730 
5138 3731 
5142 5139 
5142 5140 
5142 5141 
5149 5143 
5149 5144 
5149 5145 
5149 5146 
5149 5147 
5149 5148 
5152 5150 
5152 5151 
5155 4022 
5155 5153 
5155 5154 
5157 3543 
5157 3542 
5157 5156 
5159 5158 
5159 5080 
5165 5160 
5165 5161 
5165 5162 
5165 5163 
5165 5164 
5167 5166 
5171 5168 
5171 5169 
5171 5170 
5173 5172 
5176 5174 
5176 5175 
5178 5177 
5183 5179 
5183 5180 
5183 5181 
5183 5182 
5188 5184 
5188 5185 
5188 5186 
5188 5187 
5192 5189 
5192 4479 
5192 5190 
5192 5191 
5195 5193 
5195 5194 
5196 4612 
5196 4611 
5196 4610 
5199 5197 
5199 5198 
5203 5200 
5203 5201 
5203 5202 
5203 4164 
5205 5204 
5206 3990 
5206 3992 
5210 5207 
5210 3729 
5210 5208 
5210 5209 
5211 4931 
5211 4934 
5215 5212 
5215 5213 
5215 5214 
5221 5216 
5221 5217 
5221 5218 
5221 5219 
5221 5220 
5223 5222 
5223 4479 
5226 5224 
5226 5225 
5228 3839 
5228 4277 
5228 5227 
5228 3697 
5230 5229 
5230 3871 
5230 3872 
5231 3697 
5231 3839 
5231 3899 
5232 3767 
5232 3769 
5232 5098 
5235 5233 
5235 5234 
5236 4635 
5236 4634 
5239 5237 
5239 5238 
5244 5240 
5244 5241 
5244 5242 
5244 5243 
5249 5245 
5249 5246 
5249 5247 
5249 5248 
5251 5250 
5257 5252 
5257 5253 
5257 5254 
5257 5255 
5257 5256 
5262 4206 
5262 5258 
5262 5259 
5262 5260 
5262 5261 
5264 5263 
5265 3953 
5265 3954 
5265 3955 
5268 5266 
5268 5267 
5271 5269 
5271 5270 
5273 4450 
5273 4449 
5273 5272 
5273 4452 
5279 5274 
5279 4810 
5279 5275 
5279 5276 
5279 4670 
5279 5277 
5279 4671 
5279 5278 
5279 4811 
5279 4303 
5283 5280 
5283 5281 
5283 5282 
5285 5284 
5290 5286 
5290 5287 
5290 5288 
5290 5289 
5290 4656 
5290 4657 
5292 5291 
5292 3819 
5292 3818 
5292 4576 
5296 5293 
5296 5294 
5296 5295 
5302 5297 
5302 5298 
5302 5299 
5302 5300 
5302 5301 
5304 4804 
5304 4803 
5304 5303 
5309 4365 
5309 5305 
5309 5306 
5309 3896 
5309 5307 
5309 5308 
5311 5310 
5311 4587 
5317 5312 
5317 5313 
5317 5314 
5317 5315 
5317 5316 
5318 3944 
5318 3651 
5318 3653 
5318 3655 
5322 5319 
5322 5320 
5322 3946 
5322 5321 
5323 3542 
5323 3543 
5323 3544 
5326 5324 
5326 4479 
5326 5325 
5326 5222 
5328 5327 
5333 5329 
5333 5330 
5333 5331 
5333 5332 
5342 5334 
5342 5335 
5342 5336 
5342 5337 
5342 5338 
5342 5339 
5342 5340 
5342 5341 
5343 3964 
5343 3697 
5343 3838 
5343 3839 
5345 5344 
5345 5172 
5347 3918 
5347 3907 
5347 5346 
5347 3945 
5347 3946 
5347 3655 
5349 4469 
5349 4465 
5349 5348 
5350 3662 
5354 5351 
5354 5352 
5354 4152 
5354 5353 
5354 4154 
5356 4530 
5356 4532 
5356 5355 
5360 5357 
5360 5358 
5360 5359 
5360 5172 
5363 4267 
5363 4268 
5363 5361 
5363 4269 
5363 5362 
5368 4734 
5368 5365 
5368 4738 
5368 4736 
5368 5366 
5368 5367 
5368 4740 
5369 3998 
5369 3997 
5373 5370 
5373 5371 
5373 5372 
5378 5374 
5378 5375 
5378 5376 
5378 5377 
5382 5379 
5382 5380 
5382 5381 
5384 3799 
5384 5383 
5384 3783 
5387 5385 
5387 3939 
5387 3940 
5387 5386 
5391 5388 
5391 5389 
5391 5390 
5392 4082 
5392 4083 
5392 3849 
5394 5393 
5394 3609 
5397 3667 
5397 5395 
5397 5396 
5397 3668 
5401 5398 
5401 5399 
5401 5400 
5402 4610 
5402 4612 
5406 4648 
5406 5403 
5406 5404 
5406 5405 
5407 4121 
5414 5408 
5414 5409 
5414 5410 
5414 5411 
5414 5412 
5414 5413 
5417 5415 
5417 5416 
5418 4239 
5418 4241 
5418 4243 
5418 4244 
5421 5419 
5421 5420 
5424 5422 
5424 5423 
5428 4778 
5428 5426 
5428 5427 
5433 5429 
5433 5430 
5433 5431 
5433 5432 
5439 5434 
5439 5435 
5439 5436 
5439 5437 
5439 5438 
5443 5440 
5443 5441 
5443 5442 
5445 4117 
5445 5444 
5449 5446 
5449 5447 
5449 5448 
5450 5310 
5450 4587 
5454 5451 
5454 5452 
5454 5453 
5456 4342 
5456 5455 
5460 5457 
5460 5458 
5460 5459 
5462 5461 
5462 3658 
5462 4313 
5462 4311 
5467 5463 
5467 5464 
5467 5465 
5467 5466 
5471 5468 
5471 5469 
5471 5470 
5474 5472 
5474 5473 
5475 4679 
5475 3728 
5477 5476 
5477 3956 
5484 5478 
5484 5479 
5484 5480 
5484 5481 
5484 5482 
5484 5483 
5491 5485 
5491 5486 
5491 5487 
5491 5488 
5491 5489 
5491 5490 
5495 5492 
5495 5493 
5495 5494 
5495 3856 
5498 5496 
5498 3610 
5498 5497 
5501 5499 
5501 5500 
5501 3893 
5501 4920 
5503 5240 
5503 5241 
5506 4327 
5506 4328 
5506 4329 
5506 4330 
5506 5504 
5506 5505 
5506 4332 
5506 4335 
5506 4336 
5506 3758 
5506 4337 
5506 4338 
5506 4732 
5510 3943 
5510 3907 
5510 3944 
5510 3655 
5510 5507 
5510 5508 
5510 3946 
5510 5509 
5514 5511 
5514 3697 
5514 5512 
5514 3900 
5514 5513 
5515 4765 
5521 5516 
5521 5517 
5521 5518 
5521 3896 
5521 5519 
5521 5520 
5522 4422 
5526 5523 
5526 5524 
5526 5525 
5528 5527 
5528 4704 
5532 5529 
5532 4656 
5532 5530 
5532 5531 
5532 4653 
5532 4657 
5538 5533 
5538 5534 
5538 5535 
5538 5536 
5538 5537 
5541 5539 
5541 5540 
5547 5542 
5547 5543 
5547 5544 
5547 5545 
5547 5546 
5550 5548 
5550 5549 
5551 3696 
5551 3697 
5551 3838 
5551 4276 
5551 3839 
5551 3899 
5551 3649 
5555 5552 
5555 5553 
5555 5554 
5556 4450 
5556 4449 
5556 4448 
5556 4451 
5556 4452 
5557 4454 
5557 4455 
5561 5558 
5561 5559 
5561 5560 
5565 5562 
5565 5563 
5565 5564 
5573 5566 
5573 5567 
5573 5568 
5573 5569 
5573 5570 
5573 5571 
5573 5572 
5575 4809 
5575 4808 
5575 5574 
5575 4810 
5575 4811 
5575 4303 
5577 5576 
5584 5578 
5584 5579 
5584 5580 
5584 5581 
5584 5582 
5584 5583 
5588 5585 
5588 5586 
5588 5587 
5595 4551 
5595 4554 
5595 5589 
5595 5590 
5595 5591 
5595 4555 
5595 4556 
5595 5592 
5595 5593 
5595 5594 
5595 4552 
5595 4557 
5597 3760 
5597 4980 
5597 3761 
5597 3762 
5597 3763 
5597 3764 
5597 5596 
5601 5598 
5601 5599 
5601 5600 
5603 5602 
5603 4026 
5603 4386 
5604 5377 
5604 4611 
5608 5605 
5608 5606 
5608 4112 
5608 5607 
5609 3773 
5611 5610 
5611 4018 
5619 5612 
5619 5613 
5619 5614 
5619 5615 
5619 5616 
5619 5617 
5619 5618 
5621 5620 
5621 5050 
5622 4365 
5624 4031 
5624 5623 
5624 4035 
5628 5625 
5628 5626 
5628 5627 
5634 5629 
5634 5630 
5634 5631 
5634 5632 
5634 5633 
5637 5635 
5637 3539 
5637 5636 
5637 3540 
5639 3609 
5639 4827 
5639 5393 
5639 5638 
5644 5640 
5644 5641 
5644 5642 
5644 5643 
5646 5645 
5646 3944 
5646 3855 
5646 3853 
5646 3856 
5647 3696 
5647 3698 
5647 3899 
5647 3700 
5650 5648 
5650 5649 
5655 5651 
5655 5652 
5655 5653 
5655 5654 
5659 4451 
5659 5656 
5659 5657 
5659 5658 
5659 4450 
5659 4449 
5659 4452 
5660 4411 
5665 5661 
5665 5662 
5665 5663 
5665 5664 
5668 4754 
5668 5666 
5668 5667 
5669 4931 
5669 4934 
5672 5670 
5672 5671 
5672 4611 
5675 5351 
5675 5673 
5675 5674 
5675 4154 
5680 5676 
5680 5677 
5680 5678 
5680 5679 
5683 5681 
5683 5682 
5683 4818 
5691 5684 
5691 5685 
5691 5686 
5691 5687 
5691 5688 
5691 5689 
5691 5690 
5693 5692 
5696 4113 
5696 5694 
5696 5605 
5696 4112 
5696 5695 
5697 3874 
5708 5698 
5708 5699 
5708 5700 
5708 5701 
5708 5702 
5708 5703 
5708 5704 
5708 5705 
5708 5706 
5708 5707 
5709 4198 
5709 4182 
5709 5172 
5712 5710 
5712 5711 
5713 4870 
5713 4871 
5721 5714 
5721 5715 
5721 5716 
5721 5717 
5721 5718 
5721 5719 
5721 5720 
5725 5722 
5725 5723 
5725 5724 
5727 5493 
5727 5726 
5727 5492 
5727 5494 
5727 3856 
5728 3858 
5728 3859 
5734 5729 
5734 5730 
5734 5731 
5734 5732 
5734 4433 
5734 5733 
5739 3662 
5739 5735 
5739 5736 
5739 5737 
5739 5738 
5739 5096 
5741 5740 
5746 5742 
5746 5743 
5746 5744 
5746 5745 
5749 5747 
5749 5748 
5754 5750 
5754 5751 
5754 5752 
5754 5753 
5758 5755 
5758 5756 
5758 5757 
5762 5759 
5762 5760 
5762 5761 
5766 5763 
5766 5764 
5766 5765 
5769 5767 
5769 5768 
5774 5770 
5774 5771 
5774 5772 
5774 5773 
5778 5775 
5778 5776 
5778 5777 
5781 5779 
5781 5780 
5784 5782 
5784 3491 
5784 5783 
5788 5785 
5788 5786 
5788 5787 
5791 5789 
5791 5790 
5794 5792 
5794 5793 
5798 5795 
5798 5796 
5798 5797 
5803 5799 
5803 5800 
5803 5801 
5803 5802 
5805 5804 
5805 5797 
5814 5806 
5814 5807 
5814 5808 
5814 5809 
5814 5810 
5814 5811 
5814 5812 
5814 5813 
5819 5815 
5819 5816 
5819 5817 
5819 5818 
5822 5742 
5822 5820 
5822 5821 
5824 5823 
5832 5826 
5832 5827 
5832 5828 
5832 5829 
5832 5830 
5832 5831 
5835 5757 
5835 5756 
5835 5755 
5835 5833 
5835 5834 
5838 5836 
5838 5837 
5846 5839 
5846 5840 
5846 5841 
5846 5842 
5846 5843 
5846 5844 
5846 5845 
5850 5847 
5850 5848 
5850 5849 
5863 5851 
5863 5852 
5863 5853 
5863 5854 
5863 5855 
5863 5856 
5863 5857 
5863 5858 
5863 5859 
5863 5860 
5863 5861 
5863 5862 
5867 5864 
5867 5865 
5867 5866 
5873 5868 
5873 5869 
5873 5870 
5873 5871 
5873 5872 
5879 5874 
5879 5875 
5879 5876 
5879 5877 
5879 5878 
5884 5880 
5884 5881 
5884 5882 
5884 5883 
5892 5885 
5892 5886 
5892 5887 
5892 5888 
5892 5889 
5892 5890 
5892 5891 
5896 5893 
5896 5894 
5896 5895 
5901 5897 
5901 5898 
5901 5899 
5901 5900 
5904 5902 
5904 5903 
5908 5905 
5908 5906 
5908 5907 
5913 5909 
5913 5910 
5913 5911 
5913 5912 
5915 5914 
5916 5756 
5916 5757 
5921 5917 
5921 5918 
5921 5919 
5921 5920 
5926 5922 
5926 5923 
5926 5924 
5926 5925 
5932 5927 
5932 5928 
5932 5929 
5932 5930 
5932 5931 
5937 5933 
5937 5934 
5937 5935 
5937 5936 
5941 5938 
5941 5939 
5941 5940 
5945 5942 
5945 5943 
5945 5944 
5947 5946 
5952 5948 
5952 5949 
5952 5950 
5952 5951 
5954 5953 
5954 5866 
5958 5955 
5958 5956 
5958 5957 
5966 5959 
5966 5960 
5966 5961 
5966 5962 
5966 5963 
5966 5964 
5966 5965 
5968 5967 
5968 5779 
5972 5969 
5972 5970 
5972 5971 
5975 5973 
5975 5974 
5977 5854 
5977 5976 
5977 5851 
5981 5978 
5981 5920 
5981 5979 
5981 5980 
5983 5839 
5983 5841 
5983 5842 
5983 5982 
5985 5984 
5988 5986 
5988 5987 
5991 5920 
5991 5989 
5991 5990 
5995 5992 
5995 5993 
5995 5994 
5996 5756 
5996 5833 
5996 5834 
5996 5757 
5999 5997 
5999 5998 
6003 6000 
6003 6001 
6003 6002 
6010 6004 
6010 6005 
6010 6006 
6010 6007 
6010 6008 
6010 6009 
6012 6011 
6015 6013 
6015 6014 
6020 6016 
6020 6017 
6020 6018 
6020 6019 
6025 6021 
6025 6022 
6025 6023 
6025 6024 
6030 6026 
6030 6027 
6030 6028 
6030 6029 
6033 6031 
6033 6032 
6035 6034 
6036 5837 
6039 6037 
6039 6038 
6042 6040 
6042 6041 
6050 6043 
6050 6044 
6050 6045 
6050 6046 
6050 6047 
6050 6048 
6050 6049 
6053 6051 
6053 6052 
6056 6054 
6056 6055 
6058 6057 
6061 6059 
6061 6060 
6063 6062 
6067 6064 
6067 6065 
6067 6066 
6071 6068 
6071 6069 
6071 6070 
6077 5757 
6077 6072 
6077 6073 
6077 5833 
6077 6074 
6077 6075 
6077 6076 
6081 6078 
6081 6079 
6081 6080 
6084 6082 
6084 6083 
6087 6085 
6087 6086 
6087 5833 
6087 5757 
6093 6088 
6093 6089 
6093 6090 
6093 6091 
6093 6092 
6098 6094 
6098 6095 
6098 6096 
6098 6097 
6101 6099 
6101 6100 
6103 6102 
6107 6104 
6107 6105 
6107 6106 
6107 5994 
6110 6108 
6110 6109 
6112 6111 
6115 6113 
6115 6114 
6115 5779 
6118 6116 
6118 6117 
6121 6119 
6121 6120 
6124 6122 
6124 6123 
6131 6125 
6131 6126 
6131 6127 
6131 6128 
6131 6129 
6131 6130 
6135 6132 
6135 6133 
6135 6134 
6141 6136 
6141 6137 
6141 6138 
6141 6139 
6141 6140 
6145 6142 
6145 6143 
6145 6144 
6147 6146 
6150 6148 
6150 6149 
6153 6151 
6153 6152 
6157 6154 
6157 6155 
6157 6156 
6161 6159 
6161 6160 
6164 6162 
6164 6163 
6167 6165 
6167 6166 
6170 6168 
6170 6169 
6174 6171 
6174 6172 
6174 6173 
6177 6175 
6177 6176 
6182 6178 
6182 6179 
6182 6180 
6182 6181 
6187 6183 
6187 6184 
6187 6185 
6187 6186 
6189 6188 
6192 6190 
6192 6191 
6197 6193 
6197 6194 
6197 6195 
6197 6196 
6199 6198 
6204 6200 
6204 6201 
6204 6202 
6204 6203 
6207 6205 
6207 6206 
6210 6208 
6210 6209 
6212 6211 
6215 6213 
6215 6214 
6217 6216 
6221 6218 
6221 6219 
6221 6220 
6228 6222 
6228 6223 
6228 6224 
6228 6225 
6228 6226 
6228 6227 
6231 6229 
6231 6230 
6236 6232 
6236 6233 
6236 6234 
6236 6235 
6240 6237 
6240 6238 
6240 6239 
6244 6241 
6244 6242 
6244 6243 
6251 6245 
6251 6246 
6251 6247 
6251 6248 
6251 6249 
6251 6250 
6254 6252 
6254 6253 
6258 6255 
6258 6256 
6258 6257 
6263 6259 
6263 6260 
6263 6261 
6263 6262 
6267 6264 
6267 6265 
6267 6266 
6269 6268 
6272 6270 
6272 6271 
6277 6273 
6277 6274 
6277 6275 
6277 6276 
6282 6278 
6282 6279 
6282 6280 
6282 6281 
6286 6283 
6286 6284 
6286 6285 
6291 6287 
6291 6288 
6291 6289 
6291 6290 
6296 6292 
6296 6293 
6296 6294 
6296 6295 
6299 6297 
6299 6298 
6301 6300 
6304 6302 
6304 6303 
6309 6305 
6309 6306 
6309 6307 
6309 6308 
6316 6310 
6316 6311 
6316 6312 
6316 6313 
6316 6314 
6316 6315 
6320 6318 
6320 6319 
6324 6321 
6324 6322 
6324 6323 
6333 6325 
6333 6326 
6333 6327 
6333 6328 
6333 6329 
6333 6330 
6333 6331 
6333 6332 
6336 6334 
6336 6335 
6340 6337 
6340 6338 
6340 6339 
6342 6341 
6346 6343 
6346 6344 
6346 6345 
6349 6347 
6349 6348 
6355 6350 
6355 6351 
6355 6352 
6355 6353 
6355 6354 
6358 6356 
6358 6357 
6362 6359 
6362 6360 
6362 6361 
6365 6363 
6365 6364 
6368 6366 
6368 6367 
6372 6369 
6372 6370 
6372 6371 
6375 6373 
6375 6374 
6379 6377 
6379 6378 
6384 6380 
6384 6381 
6384 6382 
6384 6383 
6386 6385 
6389 6387 
6389 6388 
6392 6390 
6392 6391 
6396 6393 
6396 6394 
6396 6395 
6400 6397 
6400 6398 
6400 6399 
6403 6401 
6403 6402 
6408 6404 
6408 6405 
6408 6406 
6408 6407 
6413 6409 
6413 6410 
6413 6411 
6413 6412 
6416 6414 
6416 6415 
6419 6417 
6419 6418 
6423 6420 
6423 6421 
6423 6422 
6426 6424 
6426 6425 
6428 6427 
6431 6429 
6431 6430 
6434 6432 
6434 6433 
6438 6436 
6438 6437 
6441 6439 
6441 6440 
6445 6442 
6445 6443 
6445 6444 
6449 6446 
6449 6447 
6449 6448 
6454 6450 
6454 6451 
6454 6452 
6454 6453 
6457 6455 
6457 6456 
6461 6458 
6461 6459 
6461 6460 
6464 6462 
6464 6463 
6467 6465 
6467 6466 
6471 6468 
6471 6469 
6471 6470 
6476 6472 
6476 6473 
6476 6474 
6476 6475 
6481 6477 
6481 6478 
6481 6479 
6481 6480 
6481 6382 
6485 6482 
6485 6483 
6485 6484 
6485 3196 
6491 6486 
6491 6487 
6491 6488 
6491 6489 
6491 6490 
6497 6492 
6497 6493 
6497 6494 
6497 6495 
6497 6496 
6500 6498 
6500 6499 
6502 6501 
6505 6503 
6505 6504 
6510 6506 
6510 6507 
6510 6508 
6510 6509 
6515 6511 
6515 6512 
6515 6513 
6515 6514 
6520 6516 
6520 6517 
6520 6518 
6520 6519 
6524 6521 
6524 6522 
6524 6523 
6526 6525 
6526 6334 
6529 6527 
6529 6528 
6533 6530 
6533 6531 
6533 6532 
6536 6534 
6536 6535 
6538 6537 
6543 6539 
6543 6540 
6543 6541 
6543 6542 
6550 6544 
6550 6545 
6550 6546 
6550 6547 
6550 6548 
6550 6549 
6554 6551 
6554 6552 
6554 6553 
6561 6555 
6561 6556 
6561 6557 
6561 6558 
6561 6559 
6561 6560 
6565 6562 
6565 6563 
6565 6564 
6569 6566 
6569 6567 
6569 6568 
6572 6570 
6572 6571 
6575 6573 
6575 6574 
6578 6576 
6578 6577 
6582 6579 
6582 6580 
6582 6581 
6586 6583 
6586 6584 
6586 6585 
6589 6587 
6589 6588 
6591 6590 
6595 6592 
6595 6593 
6595 6594 
6600 6596 
6600 3924 
6600 6597 
6600 6598 
6600 6599 
6604 6601 
6604 6602 
6604 6603 
6608 6605 
6608 6606 
6608 6607 
6611 6609 
6611 6610 
6615 6612 
6615 6613 
6615 6614 
6620 6616 
6620 6617 
6620 6618 
6620 6619 
6623 6621 
6623 6622 
6626 6624 
6626 6625 
6631 6627 
6631 6628 
6631 6629 
6631 6630 
6634 6632 
6634 6633 
6637 6635 
6637 6636 
6638 6553 
6643 6639 
6643 6640 
6643 6641 
6643 6642 
6646 6644 
6646 6645 
6655 6648 
6655 6649 
6655 6650 
6655 6651 
6655 6652 
6655 6653 
6655 6654 
6657 6656 
6660 6658 
6660 6659 
6663 6661 
6663 6662 
6663 6553 
6669 6664 
6669 6665 
6669 6666 
6669 6667 
6669 6668 
6676 6670 
6676 6671 
6676 6672 
6676 6673 
6676 6674 
6676 6675 
6682 6677 
6682 6678 
6682 6679 
6682 6680 
6682 6681 
6686 6683 
6686 6684 
6686 6685 
6690 6687 
6690 6688 
6690 6689 
6694 6691 
6694 6692 
6694 6693 
6695 6587 
6695 6588 
6699 6696 
6699 6697 
6699 6698 
6703 6700 
6703 6701 
6703 6702 
6706 6704 
6706 6705 
6708 6707 
6715 6709 
6715 6710 
6715 6711 
6715 6712 
6715 6713 
6715 6714 
6718 6716 
6718 6717 
6722 6719 
6722 6720 
6722 6721 
6726 6723 
6726 6724 
6726 6725 
6732 6727 
6732 6728 
6732 6729 
6732 6730 
6732 6731 
6734 6733 
6737 6735 
6737 6736 
6739 6738 
6744 6740 
6744 6741 
6744 6742 
6744 6743 
6747 6745 
6747 6501 
6747 6746 
6750 6748 
6750 6749 
6753 6751 
6753 6752 
6758 6754 
6758 6651 
6758 6755 
6758 6756 
6758 6757 
6761 6759 
6761 6760 
6764 6762 
6764 6763 
6767 6678 
6767 6765 
6767 6766 
6769 6768 
6769 6306 
6769 6307 
6772 6770 
6772 6771 
6777 6773 
6777 6774 
6777 6775 
6777 6776 
6780 6778 
6780 6779 
6785 6781 
6785 6782 
6785 6783 
6785 6784 
6791 6786 
6791 6787 
6791 6788 
6791 6789 
6791 6790 
6794 6792 
6794 6793 
6799 6795 
6799 6796 
6799 6797 
6799 6798 
6801 6800 
6804 6534 
6804 6802 
6804 6803 
6808 6805 
6808 6806 
6808 6807 
6810 6809 
6813 6811 
6813 6812 
6818 6814 
6818 6815 
6818 6816 
6818 6817 
6822 6819 
6822 6820 
6822 6821 
6830 6824 
6830 6825 
6830 6826 
6830 6827 
6830 6828 
6830 6829 
6833 6831 
6833 6832 
6833 6394 
6837 6834 
6837 6835 
6837 6836 
6839 6838 
6843 6840 
6843 6841 
6843 6842 
6844 6841 
6846 6845 
6850 6847 
6850 6848 
6850 6849 
6852 6851 
6853 6847 
6856 6854 
6856 6855 
6858 6562 
6858 6563 
6858 6857 
6859 6504 
6860 6831 
6860 6832 
6860 6394 
6864 6861 
6864 6862 
6864 6863 
6867 6865 
6867 6866 
6868 6819 
6868 6820 
6868 6821 
6871 6869 
6871 6870 
6875 6872 
6875 6873 
6875 6326 
6875 6330 
6875 6329 
6875 6874 
6879 6876 
6879 6877 
6879 6878 
6884 6880 
6884 6881 
6884 6882 
6884 6883 
6890 6885 
6890 6651 
6890 6886 
6890 6887 
6890 6888 
6890 6889 
6894 6891 
6894 6892 
6894 6893 
6897 6895 
6897 6896 
6899 6898 
6903 6900 
6903 6901 
6903 6902 
6905 6904 
6910 6906 
6910 6907 
6910 6908 
6910 6909 
6914 6911 
6914 6912 
6914 6913 
6918 6915 
6918 6916 
6918 6917 
6919 6593 
6922 6920 
6922 6921 
6925 6923 
6925 6924 
6925 647 
6929 6926 
6929 6927 
6929 6928 
6931 6930 
6934 6932 
6934 6933 
6936 6935 
6942 6937 
6942 6938 
6942 6939 
6942 6940 
6942 6941 
6946 6943 
6946 6944 
6946 6945 
6950 6947 
6950 6948 
6950 6949 
6953 6951 
6953 6952 
6958 6954 
6958 6955 
6958 6956 
6958 6957 
6960 6959 
6963 6961 
6963 6962 
6963 6841 
6965 6964 
6970 6966 
6970 6967 
6970 6968 
6970 6969 
6973 6971 
6973 6972 
6977 6974 
6977 6975 
6977 6976 
6980 6978 
6980 6979 
6983 6981 
6983 6982 
6989 6984 
6989 6985 
6989 6986 
6989 6987 
6989 6988 
6991 6990 
6993 6992 
6995 6994 
7000 6996 
7000 6997 
7000 6998 
7000 6999 
7004 7001 
7004 7002 
7004 7003 
7007 7005 
7007 7006 
7009 7008 
7009 6395 
7009 6173 
7013 7010 
7013 7011 
7013 7012 
7017 7014 
7017 7015 
7017 7016 
7018 6191 
7020 7019 
7023 6555 
7023 6560 
7023 7021 
7023 7022 
7023 6559 
7025 7024 
7025 6774 
7026 6964 
7030 7027 
7030 6271 
7030 7028 
7030 7029 
7030 6721 
7033 7031 
7033 7032 
7038 7034 
7038 7035 
7038 7036 
7038 7037 
7041 7039 
7041 7040 
7046 7042 
7046 7043 
7046 7044 
7046 7045 
7049 7047 
7049 7048 
7051 7050 
7053 7052 
7053 6134 
7054 6318 
7054 6319 
7058 7055 
7058 7056 
7058 6211 
7058 7057 
7062 7059 
7062 7060 
7062 7061 
7063 6951 
7068 7064 
7068 7065 
7068 7066 
7068 7067 
7071 7069 
7071 7070 
7076 7072 
7076 7073 
7076 7074 
7076 7075 
7080 7077 
7080 7078 
7080 6588 
7080 7079 
7084 7081 
7084 7082 
7084 7083 
7087 7085 
7087 7086 
7088 6337 
7094 7089 
7094 7090 
7094 7091 
7094 7092 
7094 7093 
7097 6337 
7097 7095 
7097 7096 
7103 7098 
7103 7099 
7103 7100 
7103 7101 
7103 7102 
7107 7104 
7107 7105 
7107 7106 
7109 7077 
7109 7078 
7109 6463 
7109 7108 
7113 7110 
7113 7111 
7113 7112 
7115 7114 
7118 7116 
7118 7117 
7124 7119 
7124 7120 
7124 7121 
7124 7122 
7124 7123 
7128 7125 
7128 7126 
7128 7127 
7131 7129 
7131 7130 
7136 7132 
7136 7133 
7136 7134 
7136 7135 
7136 6877 
7140 7137 
7140 7138 
7140 7139 
7141 6947 
7141 6948 
7143 6587 
7143 7142 
7149 7144 
7149 7145 
7149 7146 
7149 7147 
7149 7148 
7151 7150 
7151 6463 
7155 7152 
7155 7153 
7155 7154 
7160 7158 
7160 7159 
7163 7161 
7163 7162 
7167 7164 
7167 7165 
7167 7166 
7173 7168 
7173 7169 
7173 7170 
7173 7171 
7173 7172 
7177 7174 
7177 7175 
7177 7176 
7177 6191 
7179 7178 
7183 7181 
7183 7182 
7185 7184 
7189 7186 
7189 7187 
7189 7188 
7191 7190 
7196 7192 
7196 7193 
7196 7194 
7196 7195 
7199 7197 
7199 7198 
7203 7200 
7203 7201 
7203 7202 
7203 6742 
7209 7204 
7209 7205 
7209 7206 
7209 7207 
7209 7208 
7212 7061 
7212 7210 
7212 7059 
7212 7211 
7215 7213 
7215 6483 
7215 2029 
7215 7214 
7218 7217 
7218 6948 
7218 6949 
7222 7219 
7222 7220 
7222 7221 
7225 7223 
7225 7224 
7226 6765 
7231 7227 
7231 7228 
7231 7229 
7231 7230 
7231 5596 
7233 7232 
7233 6876 
7236 7234 
7236 7235 
7240 7237 
7240 7238 
7240 7239 
7243 7241 
7243 7242 
7246 7244 
7246 7245 
7248 7247 
7248 6171 
7251 7249 
7251 7250 
7256 7252 
7256 7253 
7256 7254 
7256 7255 
7260 7257 
7260 7258 
7260 7259 
7262 7261 
7262 7052 
7262 6134 
7267 7263 
7267 7264 
7267 7265 
7267 7266 
7269 7268 
7269 6235 
7272 7270 
7272 7271 
7276 7273 
7276 7274 
7276 7275 
7279 7277 
7279 7278 
7281 7280 
7281 6220 
7287 7282 
7287 7283 
7287 7284 
7287 7285 
7287 7286 
7290 7288 
7290 7289 
7293 7291 
7293 7292 
7299 7294 
7299 7295 
7299 7296 
7299 7297 
7299 7298 
7299 6689 
7302 7300 
7302 7301 
7305 7303 
7305 7304 
7307 7306 
7309 6534 
7309 7308 
7309 6802 
7314 7310 
7314 7311 
7314 7312 
7314 7313 
7317 7315 
7317 7316 
7318 6742 
7319 6596 
7321 7320 
7321 7127 
7327 7322 
7327 7323 
7327 7324 
7327 7325 
7327 7326 
7332 7328 
7332 7329 
7332 7330 
7332 7331 
7335 7333 
7335 7334 
7340 7336 
7340 7337 
7340 7338 
7340 7339 
7345 6742 
7345 7341 
7345 7342 
7345 7343 
7345 7344 
7347 7346 
7351 7349 
7351 7350 
7355 7352 
7355 7353 
7355 7354 
7360 7356 
7360 7357 
7360 7358 
7360 7359 
7364 7361 
7364 7362 
7364 7363 
7367 7365 
7367 6841 
7367 7366 
7367 6842 
7371 7368 
7371 7369 
7371 7370 
7376 7372 
7376 7373 
7376 7374 
7376 7375 
7379 7377 
7379 7378 
7385 7380 
7385 7381 
7385 7382 
7385 7383 
7385 7384 
7390 7386 
7390 7387 
7390 7388 
7390 7389 
7392 7391 
7392 6468 
7394 7393 
7398 7395 
7398 7396 
7398 7397 
7401 7399 
7401 7400 
7404 7402 
7404 7403 
7407 7405 
7407 7406 
7408 7081 
7408 7082 
7408 7083 
7412 7409 
7412 103 
7412 7410 
7412 7411 
7414 7413 
7415 7142 
7417 7416 
7417 7333 
7420 7418 
7420 7419 
7422 7421 
7422 5091 
7425 6429 
7425 7423 
7425 7424 
7429 7426 
7429 7427 
7429 7428 
7433 7430 
7433 7431 
7433 7432 
7435 7434 
7439 7436 
7439 7437 
7439 7438 
7443 7440 
7443 7441 
7443 7442 
7446 7444 
7446 6211 
7446 7008 
7446 7445 
7446 6173 
7451 7447 
7451 7448 
7451 7449 
7451 7450 
7455 7174 
7455 7452 
7455 7453 
7455 7454 
7455 6191 
7458 7457 
7462 7460 
7462 7461 
7463 6534 
7463 6803 
7463 6802 
7468 7464 
7468 7465 
7468 7466 
7468 7467 
7471 7469 
7471 7470 
7474 7472 
7474 7473 
7478 7475 
7478 7476 
7478 7477 
7482 6334 
7482 7479 
7482 7480 
7482 7481 
7486 7483 
7486 7484 
7486 7485 
7489 7487 
7489 7488 
7489 6553 
7492 7490 
7492 7491 
7494 7493 
7494 6947 
7494 6948 
7494 6949 
7499 7495 
7499 7496 
7499 7497 
7499 7498 
7502 7500 
7502 7501 
7503 6562 
7506 6765 
7506 7504 
7506 7505 
7510 7507 
7510 7508 
7510 7509 
7516 7511 
7516 7512 
7516 7513 
7516 7514 
7516 7515 
7518 7517 
7521 7520 
7521 6765 
7521 6766 
7524 7522 
7524 7523 
7530 7525 
7530 7526 
7530 7527 
7530 7528 
7530 7529 
7532 7531 
7534 7533 
7536 6387 
7536 7016 
7536 7535 
7538 7537 
7543 7539 
7543 7540 
7543 7541 
7543 7542 
7546 6742 
7546 7344 
7546 7544 
7546 7342 
7546 7545 
7551 7548 
7551 7549 
7551 7550 
7551 6713 
7553 7552 
7557 7554 
7557 7555 
7557 7556 
7561 7558 
7561 7559 
7561 7560 
7564 7562 
7564 6742 
7564 7545 
7564 7342 
7564 7343 
7564 7563 
7567 7565 
7567 7566 
7569 7568 
7571 6489 
7571 7570 
7573 6198 
7573 7572 
7576 7574 
7576 6855 
7576 7575 
7577 6465 
7577 6466 
7578 6233 
7578 6173 
7582 7579 
7582 7580 
7582 7581 
7584 7583 
7593 7585 
7593 7586 
7593 7587 
7593 7588 
7593 7589 
7593 7590 
7593 7591 
7593 7592 
7597 7594 
7597 7595 
7597 7596 
7600 7598 
7600 7599 
7604 7601 
7604 7602 
7604 7603 
7607 7605 
7607 7606 
7609 7608 
7609 7334 
7613 7610 
7613 7611 
7613 7612 
7615 7614 
7621 7616 
7621 7617 
7621 7618 
7621 7619 
7621 7620 
7625 7622 
7625 7623 
7625 7624 
7628 7627 
7631 7629 
7631 7630 
7635 7632 
7635 7633 
7635 7634 
7639 7637 
7639 7638 
7639 7040 
7644 7640 
7644 7641 
7644 7642 
7644 7643 
7649 4890 
7649 7645 
7649 7646 
7649 7647 
7649 7648 
7652 7650 
7652 7651 
7655 7653 
7655 7654 
7657 7656 
7657 6422 
7658 6596 
7658 3924 
7658 6597 
7658 6598 
7658 6599 
7661 7659 
7661 7660 
7665 7662 
7665 7663 
7665 7664 
7670 7666 
7670 7667 
7670 7668 
7670 7669 
7673 7671 
7673 7672 
7674 6377 
7674 6378 
7678 7675 
7678 7676 
7678 7677 
7680 7679 
7684 7681 
7684 7682 
7684 7683 
7686 7685 
7687 6765 
7690 6361 
7690 7688 
7690 7689 
7695 7691 
7695 7692 
7695 7693 
7695 7694 
7697 7696 
7699 6909 
7699 7698 
7702 7700 
7702 7701 
7708 7703 
7708 7704 
7708 7705 
7708 7706 
7708 7707 
7711 7709 
7711 7710 
7712 7369 
7718 7713 
7718 7714 
7718 7715 
7718 7716 
7718 7717 
7720 7633 
7720 7719 
7720 7634 
7720 6394 
7724 7722 
7724 7723 
7729 7725 
7729 7726 
7729 7727 
7729 7728 
7732 7730 
7732 7731 
7737 7733 
7737 7734 
7737 7735 
7737 7736 
7740 7738 
7740 6359 
7740 7739 
7746 7741 
7746 7742 
7746 7743 
7746 7744 
7746 7745 
7750 7747 
7750 7748 
7750 7749 
7751 7579 
7751 7580 
7754 7752 
7754 7753 
7756 7755 
7758 7757 
7758 7477 
7761 7759 
7761 7760 
7765 7762 
7765 7763 
7765 7764 
7767 7766 
7773 7768 
7773 7769 
7773 7770 
7773 7771 
7773 7772 
7777 7774 
7777 7775 
7777 7776 
7780 7778 
7780 7779 
7784 6787 
7784 7781 
7784 7782 
7784 7783 
7786 7785 
7791 7787 
7791 7788 
7791 7789 
7791 7790 
7794 7792 
7794 7793 
7795 7738 
7795 6359 
7795 7739 
7800 7796 
7800 7797 
7800 7798 
7800 7799 
7803 7801 
7803 7802 
7808 7804 
7808 7805 
7808 7806 
7808 7807 
7812 7809 
7812 7810 
7812 7811 
7815 7813 
7815 7814 
7815 6275 
7819 7816 
7819 7817 
7819 7818 
7823 7820 
7823 7821 
7823 7822 
7823 7008 
7829 7824 
7829 7825 
7829 7826 
7829 7827 
7829 7828 
7832 7830 
7832 7831 
7833 6735 
7837 7834 
7837 7835 
7837 7836 
7840 7838 
7840 7839 
7841 7566 
7842 6742 
7842 7342 
7842 7343 
7842 7545 
7842 7341 
7842 7344 
7846 7843 
7846 7844 
7846 7845 
7848 6951 
7848 7847 
7850 270 
7850 7849 
7851 7024 
7856 7852 
7856 7853 
7856 7854 
7856 7855 
7858 7857 
7858 6954 
7858 6956 
7863 7859 
7863 7860 
7863 7861 
7863 7862 
7867 7864 
7867 7865 
7867 7866 
7871 7868 
7871 7869 
7871 7870 
7875 7872 
7875 7873 
7875 7874 
7880 7876 
7880 7877 
7880 7878 
7880 7879 
7883 7881 
7883 3633 
7883 7882 
7887 7884 
7887 7885 
7887 7886 
7889 7888 
7893 7890 
7893 7891 
7893 7892 
7896 7894 
7896 7895 
7899 6238 
7899 7897 
7899 7898 
7899 6239 
7901 7900 
7901 6288 
7901 7581 
7903 7902 
7906 7904 
7906 7905 
7910 7907 
7910 7908 
7910 7909 
7912 7911 
7912 6420 
7914 7913 
7915 6968 
7917 7916 
7917 6606 
7921 7918 
7921 7919 
7921 7920 
7924 7922 
7924 7923 
7928 7925 
7928 7926 
7928 7927 
7932 7929 
7932 7930 
7932 7931 
7935 7933 
7935 7934 
7940 7936 
7940 7937 
7940 7938 
7940 7939 
7943 7941 
7943 7942 
7945 7944 
7947 7159 
7947 7946 
7949 6562 
7949 7948 
7952 7950 
7952 7797 
7952 7951 
7952 7798 
7958 7954 
7958 7955 
7958 7956 
7958 7957 
7960 7504 
7960 6765 
7960 7959 
7962 7961 
7965 7963 
7965 7964 
7965 7638 
7968 7966 
7968 7967 
7971 7969 
7971 7970 
7973 7972 
7977 7974 
7977 7975 
7977 7976 
7980 7978 
7980 6352 
7980 7979 
7985 7981 
7985 7982 
7985 7983 
7985 7984 
7988 6352 
7988 7138 
7988 7986 
7988 7987 
7991 7989 
7991 7990 
7991 6173 
7994 7992 
7994 7993 
7996 7995 
7999 7997 
7999 7998 
8003 8000 
8003 8001 
8003 8002 
8011 8005 
8011 8006 
8011 8007 
8011 8008 
8011 8009 
8011 8010 
8013 8012 
8013 6463 
8013 6462 
8016 8014 
8016 8015 
8018 8017 
8021 8019 
8021 8020 
8025 8022 
8025 8023 
8025 8024 
8030 8026 
8030 8027 
8030 8028 
8030 8029 
8032 8031 
8032 6300 
8032 6176 
8035 8033 
8035 7505 
8035 8034 
8037 8036 
8041 8038 
8041 8039 
8041 8040 
8046 8042 
8046 8043 
8046 8044 
8046 8045 
8050 8047 
8050 8048 
8050 8049 
8054 8051 
8054 8052 
8054 8053 
8057 8055 
8057 8056 
8060 8058 
8060 8059 
8062 7373 
8062 8061 
8064 6917 
8064 8063 
8070 8065 
8070 8066 
8070 8067 
8070 8068 
8070 8069 
8074 8071 
8074 8072 
8074 8073 
8075 6915 
8075 6916 
8075 6917 
8079 8076 
8079 8077 
8079 8078 
8083 8080 
8083 8081 
8083 8082 
8088 8084 
8088 7357 
8088 8085 
8088 8086 
8088 8087 
8092 8089 
8092 8090 
8092 8091 
8092 7366 
8096 8093 
8096 8094 
8096 8095 
8098 8097 
8104 8100 
8104 8101 
8104 8102 
8104 8103 
8107 8105 
8107 8106 
8107 6606 
8107 7998 
8111 8108 
8111 8109 
8111 8110 
8114 8112 
8114 8113 
8116 8115 
8122 8117 
8122 6211 
8122 8118 
8122 8119 
8122 6233 
8122 8120 
8122 8121 
8126 8123 
8126 8124 
8126 8125 
8127 6401 
8127 6402 
8130 6133 
8130 8129 
8132 8131 
8133 6521 
8133 6522 
8133 6523 
8137 8134 
8137 8135 
8137 6610 
8137 8136 
8141 8138 
8141 8139 
8141 8140 
8143 8142 
8146 8144 
8146 8145 
8149 8147 
8149 8148 
8151 8150 
8152 6504 
8155 8153 
8155 8154 
8155 7138 
8157 8156 
8157 7549 
8157 6713 
8157 7550 
8158 7295 
8158 7294 
8158 7297 
8158 7298 
8158 6689 
8159 6501 
8161 8160 
8165 8162 
8165 8163 
8165 8164 
8167 8166 
8169 8168 
8171 6148 
8171 8170 
8174 8172 
8174 8173 
8176 8175 
8179 7357 
8179 8085 
8179 7328 
8179 8177 
8179 8178 
8182 8180 
8182 6300 
8182 8181 
8184 8183 
8186 8185 
8189 8187 
8189 8188 
8193 8190 
8193 8191 
8193 6326 
8193 8192 
8193 6874 
8195 8194 
8199 8196 
8199 8197 
8199 8198 
8199 6841 
8202 8200 
8202 8201 
8202 6344 
8205 8203 
8205 8204 
8208 8206 
8208 8207 
8209 8036 
8213 8210 
8213 8211 
8213 7138 
8213 8212 
8213 7137 
8216 8214 
8216 8215 
8220 8217 
8220 4026 
8220 8218 
8220 8219 
8222 6422 
8222 8221 
8223 7601 
8225 8224 
8233 8226 
8233 8227 
8233 8228 
8233 8229 
8233 8230 
8233 8231 
8233 8232 
8236 8234 
8236 8235 
8241 8237 
8241 8238 
8241 8239 
8241 8240 
8243 8242 
8245 8244 
8250 6809 
8250 8247 
8250 8248 
8250 8249 
8256 8252 
8256 8253 
8256 8254 
8256 8255 
8259 8257 
8259 8258 
8261 8260 
8264 8262 
8264 3629 
8264 8263 
8268 8265 
8268 8266 
8268 8267 
8270 8077 
8272 8271 
8275 8273 
8275 8274 
8276 4968 
8278 8277 
8282 8279 
8282 8280 
8282 6274 
8282 8281 
8285 8283 
8285 8284 
8287 8286 
8287 7549 
8291 5635 
8291 8288 
8291 8289 
8291 8290 
8294 6334 
8294 8292 
8294 8293 
8299 8295 
8299 8296 
8299 8297 
8299 8298 
8302 8300 
8302 8301 
8307 8303 
8307 8304 
8307 8305 
8307 8306 
8308 7440 
8308 6964 
8312 8309 
8312 8310 
8312 8311 
8317 8313 
8317 8314 
8317 8315 
8317 8316 
8319 6359 
8319 8318 
8321 8320 
8326 8322 
8326 8323 
8326 8324 
8326 8325 
8330 8327 
8330 8328 
8330 8329 
8333 7444 
8333 8331 
8333 8332 
8335 7217 
8335 6948 
8335 6949 
8335 7493 
8338 8026 
8338 8336 
8338 8337 
8338 8028 
8343 8339 
8343 8340 
8343 8341 
8343 8342 
8347 8344 
8347 8345 
8347 8346 
8348 6489 
8348 7570 
8351 8349 
8351 8350 
8355 8352 
8355 8353 
8355 8354 
8356 7178 
8359 8357 
8359 8358 
8364 3330 
8364 8360 
8364 8361 
8364 8362 
8364 8363 
8366 6429 
8366 8365 
8370 8367 
8370 8368 
8370 8369 
8371 7614 
8374 8372 
8374 8373 
8375 7979 
8375 7978 
8375 6352 
8377 8376 
8377 7549 
8381 8378 
8381 8379 
8381 8380 
8384 8382 
8384 7234 
8384 8383 
8387 8385 
8387 8386 
8388 6593 
8392 8389 
8392 8390 
8392 8391 
8394 8393 
8396 8395 
8399 8397 
8399 8398 
8404 8400 
8404 8401 
8404 8402 
8404 8403 
8407 8405 
8407 8406 
8412 8409 
8412 8313 
8412 8410 
8412 8411 
8416 8413 
8416 8414 
8416 8415 
8419 8417 
8419 8418 
8419 8411 
8422 8420 
8422 8421 
8425 8423 
8425 8424 
8430 8426 
8430 8427 
8430 8428 
8430 8429 
8433 8431 
8433 7757 
8433 8432 
8438 8434 
8438 8435 
8438 8436 
8438 8437 
8439 6387 
8443 8440 
8443 8441 
8443 8442 
8444 6427 
8444 6599 
8447 8445 
8447 8258 
8447 8446 
8447 8257 
8448 7050 
8451 8449 
8451 8450 
8452 7159 
8452 7946 
8456 8453 
8456 8454 
8456 8455 
8459 8457 
8459 8221 
8459 7138 
8459 8458 
8459 6422 
8463 8460 
8463 8461 
8463 8462 
8466 8286 
8466 8464 
8466 7549 
8466 8465 
8475 8467 
8475 8468 
8475 8469 
8475 8470 
8475 8471 
8475 8472 
8475 8473 
8475 7592 
8475 8474 
8478 8476 
8478 7537 
8478 8477 
8480 8479 
8480 6176 
8484 8481 
8484 8482 
8484 8483 
8486 7504 
8486 6765 
8486 8485 
8486 7102 
8486 7100 
8491 8487 
8491 8488 
8491 8489 
8491 8490 
8493 8492 
8493 6395 
8496 8494 
8496 8495 
8500 8497 
8500 8498 
8500 8499 
8503 8501 
8503 4199 
8503 8502 
8503 8113 
8505 7522 
8505 8504 
8506 7171 
8506 7168 
8506 7169 
8510 8507 
8510 8479 
8510 6176 
8510 8508 
8510 8509 
8511 7838 
8511 7970 
8517 8512 
8517 8513 
8517 8514 
8517 8515 
8517 8516 
8520 8518 
8520 8519 
8523 8521 
8523 8522 
8527 8524 
8527 8525 
8527 8526 
8530 8528 
8530 8529 
8530 8415 
8532 8531 
8535 8533 
8535 8534 
8539 8536 
8539 8537 
8539 8538 
8544 8540 
8544 8541 
8544 8542 
8544 8543 
8547 8545 
8547 8546 
8547 7806 
8549 6974 
8549 6975 
8549 8548 
8549 6976 
8554 8550 
8554 8551 
8554 8552 
8554 8101 
8554 8553 
8554 6176 
8559 8555 
8559 8556 
8559 8557 
8559 8558 
8561 8560 
8563 8562 
8566 8564 
8566 8565 
8571 8567 
8571 8568 
8571 8569 
8571 8570 
8574 8572 
8574 8573 
8578 8575 
8578 8576 
8578 8577 
8581 8579 
8581 8580 
8581 6233 
8581 6211 
8586 8582 
8586 8583 
8586 8584 
8586 8585 
8591 8587 
8591 7095 
8591 8588 
8591 8589 
8591 8590 
8593 6534 
8593 8592 
8596 8594 
8596 8595 
8596 6334 
8599 8597 
8599 6932 
8599 8598 
8606 8600 
8606 8601 
8606 8602 
8606 8603 
8606 8604 
8606 8605 
8609 8607 
8609 8608 
8612 8610 
8612 8611 
8616 8613 
8616 8614 
8616 8615 
8624 8617 
8624 8618 
8624 8619 
8624 8620 
8624 8621 
8624 8622 
8624 8623 
8631 8625 
8631 8626 
8631 8627 
8631 8628 
8631 8629 
8631 8630 
8633 6506 
8633 8632 
8636 8634 
8636 8635 
8637 6742 
8642 8638 
8642 8639 
8642 8640 
8642 8641 
8646 8643 
8646 8644 
8646 8089 
8646 8645 
8649 8647 
8649 8648 
8652 8650 
8652 8651 
8654 7270 
8654 8653 
8660 8655 
8660 8656 
8660 8657 
8660 8658 
8660 8659 
8664 8661 
8664 8662 
8664 8663 
8664 7537 
8665 8465 
8669 8666 
8669 8667 
8669 8668 
8674 8670 
8674 8671 
8674 8672 
8674 8673 
8677 8675 
8677 8676 
8680 8678 
8680 8679 
8683 8681 
8683 8682 
8684 6270 
8684 6271 
8687 8685 
8687 8686 
8692 8688 
8692 8689 
8692 8690 
8692 8353 
8692 8691 
8695 8693 
8695 6774 
8695 8694 
8698 8696 
8698 6642 
8698 8697 
8698 7444 
8702 8699 
8702 8700 
8702 8701 
8704 7479 
8704 6334 
8704 8703 
8706 8705 
8706 7036 
8706 7035 
8706 6387 
8710 8707 
8710 8708 
8710 8709 
8714 8711 
8714 8712 
8714 8713 
8716 8715 
8720 8717 
8720 8718 
8720 8719 
8724 8721 
8724 8722 
8724 8723 
8726 6334 
8726 8725 
8730 6961 
8730 8728 
8730 6841 
8730 8729 
8732 7448 
8732 8731 
8732 6239 
8732 7450 
8736 8733 
8736 8734 
8736 6592 
8736 6593 
8736 8735 
8738 8737 
8742 8739 
8742 8740 
8742 8741 
8744 8743 
8748 8745 
8748 8746 
8748 8747 
8751 8749 
8751 8750 
8754 8752 
8754 8753 
8754 6300 
8757 8755 
8757 8756 
8761 8758 
8761 8759 
8761 8760 
8762 7505 
8762 6765 
8764 8763 
8767 8765 
8767 8766 
8771 8768 
8771 8769 
8771 8770 
8773 8113 
8773 8501 
8773 8772 
8778 8774 
8778 8775 
8778 8776 
8778 8777 
8780 8779 
8780 6176 
8780 6300 
8784 8781 
8784 8782 
8784 8783 
8786 8785 
8788 8787 
8790 8789 
8793 8791 
8793 8792 
8793 6132 
8796 8794 
8796 8795 
8800 8797 
8800 8798 
8800 8799 
8802 8801 
8804 8715 
8804 8803 
8807 8805 
8807 8806 
8813 8809 
8813 8810 
8813 8811 
8813 8812 
8816 8814 
8816 8815 
8819 8812 
8819 8817 
8819 8818 
8823 8820 
8823 8821 
8823 8822 
8823 7606 
8826 8824 
8826 8825 
8827 6530 
8834 8828 
8834 8829 
8834 8830 
8834 8831 
8834 8832 
8834 8833 
8836 8835 
8840 8837 
8840 8838 
8840 8839 
8845 8841 
8845 8842 
8845 8843 
8845 8844 
8847 7709 
8847 8846 
8849 7125 
8849 8848 
8850 7217 
8854 8851 
8854 6765 
8854 7504 
8854 8852 
8854 8853 
8856 8855 
8857 6930 
8858 6190 
8859 7019 
8864 8860 
8864 8861 
8864 8862 
8864 8863 
8867 8865 
8867 8866 
8870 8868 
8870 8869 
8871 8560 
8874 8872 
8874 8873 
8877 8875 
8877 8876 
8877 6982 
8881 8878 
8881 8879 
8881 8880 
8886 8882 
8886 8883 
8886 8884 
8886 8885 
8886 6308 
8890 8887 
8890 8888 
8890 8889 
8892 6603 
8892 8891 
8897 8893 
8897 8894 
8897 8895 
8897 7606 
8897 8896 
8897 6606 
8899 8898 
8902 8900 
8902 8901 
8905 8903 
8905 8904 
8906 8494 
8906 8495 
8914 8907 
8914 8908 
8914 8909 
8914 8910 
8914 8911 
8914 8912 
8914 8913 
8916 8915 
8921 8917 
8921 8918 
8921 8919 
8921 8920 
8925 8922 
8925 8923 
8925 8924 
8928 6912 
8928 8926 
8928 8927 
8934 8929 
8934 8930 
8934 8931 
8934 8932 
8934 8933 
8936 8935 
8940 8937 
8940 8938 
8940 8939 
8943 8941 
8943 8942 
8947 6811 
8947 8945 
8947 8946 
8950 8948 
8950 8949 
8952 8951 
8955 8953 
8955 8954 
8960 8956 
8960 8957 
8960 8958 
8960 8959 
8961 6832 
8961 7008 
8961 6395 
8965 8962 
8965 8963 
8965 8964 
8966 8920 
8971 8967 
8971 8968 
8971 8969 
8971 8970 
8975 8974 
8980 8976 
8980 8977 
8980 8978 
8980 8979 
8986 8981 
8986 8982 
8986 8983 
8986 8984 
8986 8985 
8989 6702 
8989 8987 
8989 6701 
8989 8988 
8991 8990 
8994 8993 
8994 7440 
8997 8995 
8997 8996 
8999 8998 
8999 1265 
9004 9000 
9004 9001 
9004 9002 
9004 9003 
9005 6504 
9007 6651 
9007 6756 
9007 9006 
9012 9008 
9012 9009 
9012 9010 
9012 9011 
9014 9013 
9018 9015 
9018 9016 
9018 9017 
9020 9019 
9024 9021 
9024 9022 
9024 9023 
9029 9025 
9029 9026 
9029 9027 
9029 9028 
9031 9030 
9031 6713 
9031 7550 
9034 9032 
9034 9033 
9036 9035 
9038 8320 
9038 9037 
9040 4634 
9040 9039 
9040 3542 
9042 9041 
9047 9043 
9047 9044 
9047 9045 
9047 9046 
9052 9048 
9052 8077 
9052 9049 
9052 9050 
9052 9051 
9053 7042 
9053 6553 
9056 9054 
9056 6275 
9056 9055 
9056 6273 
9056 7814 
9056 6276 
9057 8440 
9060 9058 
9060 9059 
9064 9061 
9064 9062 
9064 9063 
9068 9065 
9068 9066 
9068 9067 
9072 9069 
9072 6191 
9072 9070 
9072 9071 
9078 9073 
9078 9074 
9078 9075 
9078 9076 
9078 9077 
9081 9079 
9081 9080 
9082 7493 
9082 7217 
9082 6948 
9082 6949 
9085 9083 
9085 9084 
9088 6334 
9088 9086 
9088 9087 
9091 9089 
9091 9090 
9093 9092 
9095 9094 
9098 9096 
9098 9097 
9098 6211 
9099 8118 
9103 9100 
9103 6191 
9103 9101 
9103 9102 
9103 6606 
9106 9104 
9106 9105 
9109 9107 
9109 9108 
9114 9111 
9114 9112 
9114 9113 
9118 9115 
9118 9116 
9118 9117 
9119 7592 
9123 9120 
9123 9121 
9123 9122 
9126 9124 
9126 9125 
9130 9127 
9130 9128 
9130 9129 
9134 9131 
9134 9132 
9134 9133 
9138 9135 
9138 9136 
9138 7166 
9138 9137 
9140 6534 
9140 9139 
9144 9141 
9144 9142 
9144 9143 
9146 9145 
9150 9147 
9150 9148 
9150 9149 
9151 7125 
9151 7126 
9151 7127 
9155 9152 
9155 9153 
9155 9154 
9160 9156 
9160 9157 
9160 9158 
9160 9159 
9164 9161 
9164 9162 
9164 9163 
9169 9165 
9169 9166 
9169 9167 
9169 9168 
9170 6537 
9171 6508 
9171 6395 
9174 9172 
9174 9173 
9178 9175 
9178 9176 
9178 9177 
9180 7902 
9180 9179 
9181 7052 
9181 6134 
9184 9182 
9184 9183 
9187 8728 
9187 6841 
9187 7366 
9187 9185 
9187 9186 
9189 9188 
9191 9190 
9191 6134 
9194 9192 
9194 9193 
9198 9195 
9198 9196 
9198 9197 
9199 6594 
9199 6592 
9199 6593 
9202 9200 
9202 8288 
9202 8465 
9202 9201 
9208 6460 
9208 9203 
9208 9204 
9208 9205 
9208 9206 
9208 9207 
9210 9209 
9211 6534 
9211 6802 
9214 9212 
9214 9213 
9216 9215 
9219 9217 
9219 9218 
9224 9220 
9224 9221 
9224 7405 
9224 9222 
9224 9223 
9225 6534 
9225 6802 
9229 9226 
9229 9227 
9229 9228 
9231 9230 
9231 7778 
9234 9232 
9234 9233 
9237 9235 
9237 9236 
9239 9238 
9239 8358 
9244 9240 
9244 9241 
9244 9242 
9244 9243 
9245 6587 
9245 6588 
9249 9246 
9249 9247 
9249 9248 
9252 9250 
9252 6483 
9252 7214 
9252 9251 
9252 6484 
9256 9253 
9256 9254 
9256 9255 
9260 7554 
9260 9257 
9260 9258 
9260 9259 
9262 6692 
9262 9261 
9265 9263 
9265 9264 
9269 9266 
9269 9267 
9269 9268 
9273 9270 
9273 9271 
9273 9272 
9276 9274 
9276 9275 
9277 8926 
9277 6912 
9279 9278 
9284 9280 
9284 9281 
9284 9282 
9284 9283 
9288 9285 
9288 9286 
9288 9287 
9294 9289 
9294 9290 
9294 9291 
9294 9292 
9294 9293 
9297 9295 
9297 9296 
9301 9298 
9301 9299 
9301 9300 
9305 9302 
9305 9303 
9305 9304 
9308 9306 
9308 9307 
9309 7357 
9309 8085 
9315 9311 
9315 9312 
9315 9313 
9315 9314 
9320 6756 
9320 9316 
9320 9317 
9320 8010 
9320 9318 
9320 7587 
9320 6651 
9320 7589 
9320 9319 
9322 9321 
9322 6274 
9326 9323 
9326 6588 
9326 9324 
9326 7108 
9326 9325 
9333 9327 
9333 9328 
9333 9329 
9333 9330 
9333 9331 
9333 9332 
9333 6133 
9336 9334 
9336 9335 
9339 9337 
9339 9338 
9339 6553 
9341 9340 
9341 6134 
9344 9342 
9344 9343 
9348 9345 
9348 9346 
9348 9347 
9351 9349 
9351 9350 
9356 9352 
9356 9353 
9356 9354 
9356 9355 
9357 8001 
9357 6955 
9357 8002 
9360 9358 
9360 9359 
9363 9361 
9363 9362 
9363 6982 
9370 9364 
9370 8022 
9370 9365 
9370 9366 
9370 9367 
9370 9368 
9370 9369 
9372 9371 
9376 9373 
9376 9374 
9376 9375 
9380 9377 
9380 9378 
9380 9379 
9382 9381 
9386 8922 
9386 9384 
9386 8923 
9386 9385 
9388 9387 
9390 6651 
9390 6756 
9390 9006 
9390 9318 
9390 7587 
9390 9389 
9390 9319 
9390 7589 
9392 7072 
9392 9391 
9392 7074 
9393 7357 
9396 9394 
9396 9395 
9396 8113 
9400 9397 
9400 9398 
9400 9399 
9401 7970 
9404 9402 
9404 9403 
9407 9405 
9407 9406 
9409 6235 
9409 9408 
9411 6898 
9411 9410 
9412 6418 
9416 9413 
9416 9414 
9416 9415 
9417 6982 
9421 9418 
9421 9419 
9421 2029 
9421 9420 
9424 9422 
9424 9423 
9425 8076 
9425 8077 
9425 8078 
9428 9426 
9428 9427 
9433 9429 
9433 9430 
9433 9431 
9433 9432 
9436 9434 
9436 9435 
9438 4491 
9438 9437 
9439 7634 
9441 6468 
9441 9410 
9441 9440 
9443 9442 
9445 9444 
9447 9446 
9447 7895 
9455 9448 
9455 9449 
9455 9450 
9455 9451 
9455 9452 
9455 9453 
9455 9454 
9456 8118 
9459 9457 
9459 9458 
9463 9460 
9463 9461 
9463 9462 
9465 9464 
9468 9466 
9468 9467 
9472 8323 
9472 9469 
9472 9470 
9472 9471 
9474 9473 
9478 9475 
9478 9476 
9478 9477 
9482 9479 
9482 9480 
9482 9481 
9488 9483 
9488 9484 
9488 9485 
9488 9486 
9488 9487 
9489 9342 
9489 9343 
9493 9490 
9493 9491 
9493 9492 
9494 6373 
9494 6374 
9495 8265 
9495 8801 
9496 9410 
9496 6468 
9498 9497 
9498 6420 
9501 9499 
9501 9500 
9504 9502 
9504 9503 
9505 6855 
9505 6191 
9508 9148 
9508 9507 
9508 9149 
9510 9509 
9510 7768 
9514 9511 
9514 9512 
9514 9513 
9516 9515 
9519 9517 
9519 9518 
9523 9520 
9523 9521 
9523 9522 
9523 8010 
9530 6555 
9530 9524 
9530 9525 
9530 9526 
9530 9527 
9530 9528 
9530 9529 
9531 6592 
9531 6593 
9531 6594 
9533 9532 
9536 9534 
9536 9535 
9537 6951 
9537 7847 
9537 6266 
9538 8688 
9538 8353 
9539 7341 
9539 6742 
9539 6741 
9539 7344 
9542 9540 
9542 9541 
9547 9543 
9547 9544 
9547 9545 
9547 9546 
9550 9548 
9550 7579 
9550 9549 
9552 8752 
9552 9551 
9552 6300 
9553 8763 
9556 9554 
9556 9555 
9559 9557 
9559 9558 
9561 9560 
9565 9562 
9565 9563 
9565 9564 
9569 9566 
9569 9567 
9569 9568 
9572 9571 
9572 3196 
9572 6484 
9576 9573 
9576 9574 
9576 9575 
9578 9577 
9580 8681 
9580 9579 
9583 9581 
9583 9582 
9583 6841 
9586 9584 
9586 6290 
9586 7138 
9586 9585 
9589 9587 
9589 9588 
9592 9590 
9592 9591 
9593 6855 
9593 4374 
9596 9594 
9596 9595 
9596 6527 
9600 9597 
9600 9598 
9600 9599 
9602 9601 
9603 6422 
9603 6527 
9606 6721 
9606 7028 
9606 6271 
9606 9604 
9606 9605 
9608 6869 
9608 9607 
9611 9609 
9611 9157 
9611 9610 
9611 7638 
9613 6290 
9613 6289 
9613 9612 
9615 9614 
9618 6680 
9618 6678 
9618 6681 
9618 9617 
9618 6677 
9622 8540 
9622 9619 
9622 9620 
9622 9621 
9627 9623 
9627 9624 
9627 9625 
9627 9626 
9633 9628 
9633 8995 
9633 8996 
9633 9629 
9633 9630 
9633 9631 
9633 9632 
9638 9634 
9638 9635 
9638 9636 
9638 9637 
9643 9639 
9643 9640 
9643 9641 
9643 9642 
9645 9644 
9645 6593 
9646 6841 
9646 7366 
9650 9647 
9650 9648 
9650 7549 
9650 6713 
9650 9649 
9652 7757 
9652 9651 
9655 9653 
9655 9654 
9657 9656 
9661 9658 
9661 9659 
9661 9660 
9664 9662 
9664 9663 
9664 7037 
9665 6411 
9667 6873 
9667 6326 
9667 6330 
9667 6329 
9667 9666 
9670 9668 
9670 9669 
9676 9671 
9676 9672 
9676 9673 
9676 9674 
9676 9675 
9678 9677 
9681 9679 
9681 8022 
9681 9680 
9684 9682 
9684 9683 
9688 9685 
9688 9686 
9688 9687 
9694 9689 
9694 9690 
9694 9691 
9694 9692 
9694 9693 
9697 9695 
9697 9696 
9701 9698 
9701 9699 
9701 9700 
9703 7270 
9703 9702 
9703 7271 
9706 7723 
9706 9704 
9706 7082 
9706 9705 
9712 9707 
9712 9708 
9712 9709 
9712 9710 
9712 9711 
9714 7037 
9714 7035 
9714 9713 
9715 8421 
9715 8420 
9715 9632 
9718 9716 
9718 9717 
9723 9719 
9723 9720 
9723 9721 
9723 9722 
9729 9724 
9729 9725 
9729 9726 
9729 9727 
9729 9728 
9731 9730 
9731 6463 
9735 9732 
9735 9733 
9735 9734 
9737 9736 
9740 9738 
9740 9739 
9743 9741 
9743 9742 
9743 7052 
9745 7969 
9745 9744 
9747 9746 
9747 6713 
9748 8118 
9750 9749 
9750 6466 
9752 6420 
9752 6422 
9752 9751 
9755 9753 
9755 9754 
9759 9756 
9759 9757 
9759 9758 
9760 9104 
9761 6489 
9766 9762 
9766 9763 
9766 9764 
9766 9765 
9770 9767 
9770 9768 
9770 9769 
9773 9771 
9773 9772 
9777 9775 
9777 9776 
9777 8320 
9778 6361 
9778 7688 
9778 7689 
9782 9779 
9782 9780 
9782 9781 
9788 7052 
9788 9783 
9788 9784 
9788 9785 
9788 9786 
9788 9787 
9791 9789 
9791 9790 
9796 7709 
9796 9792 
9796 9793 
9796 9794 
9796 8846 
9796 9795 
9801 9799 
9801 9800 
9803 6534 
9803 9802 
9805 9804 
9810 9806 
9810 9807 
9810 9808 
9810 8492 
9810 9809 
9815 9811 
9815 9812 
9815 9813 
9815 9814 
9816 6898 
9820 9817 
9820 9818 
9820 9819 
9821 8395 
9825 9822 
9825 9823 
9825 9824 
9829 9826 
9829 9827 
9829 9828 
9837 9830 
9837 9831 
9837 9832 
9837 9833 
9837 9834 
9837 9835 
9837 9836 
9837 6689 
9841 9838 
9841 9839 
9841 9840 
9843 9842 
9848 9844 
9848 9845 
9848 9846 
9848 9847 
9850 7537 
9850 9849 
9852 8304 
9852 8303 
9852 8305 
9852 9851 
9857 9853 
9857 9854 
9857 9855 
9857 9856 
9858 8996 
9858 6173 
9861 9859 
9861 9860 
9867 9862 
9867 9863 
9867 9864 
9867 9865 
9867 9866 
9873 9868 
9873 9869 
9873 9870 
9873 9871 
9873 9872 
9875 7440 
9875 9874 
9878 9876 
9878 8424 
9878 9877 
9880 7533 
9880 9879 
9884 9881 
9884 9019 
9884 9882 
9884 9883 
9889 9885 
9889 9886 
9889 8540 
9889 9621 
9889 9887 
9889 9888 
9894 9890 
9894 9891 
9894 9892 
9894 9893 
9897 9895 
9897 9896 
9899 8676 
9899 9898 
9902 7491 
9902 9900 
9902 9901 
9903 6334 
9907 9904 
9907 9905 
9907 9906 
9909 9908 
9913 9910 
9913 9911 
9913 9912 
9915 9914 
9916 6433 
9916 6432 
9919 9917 
9919 3926 
9919 9918 
9924 9920 
9924 9921 
9924 9922 
9924 9923 
9927 9925 
9927 9926 
9928 6841 
9932 9929 
9932 9930 
9932 6549 
9932 9931 
9935 9933 
9935 9934 
9936 6587 
9936 6588 
9942 9937 
9942 9938 
9942 9939 
9942 9940 
9942 9941 
9945 9944 
9945 9659 
9950 9946 
9950 9947 
9950 9948 
9950 9949 
9955 9951 
9955 9952 
9955 9953 
9955 9954 
9957 9956 
9957 8154 
9960 9958 
9960 9959 
9965 9961 
9965 9962 
9965 9963 
9965 9964 
9968 9967 
9968 9092 
9971 9969 
9971 6766 
9971 9970 
9971 6765 
9977 9972 
9977 9973 
9977 9974 
9977 6841 
9977 9975 
9977 9976 
9979 6635 
9979 8750 
9979 6636 
9986 9980 
9986 9981 
9986 9982 
9986 9983 
9986 9984 
9986 9985 
9989 9987 
9989 9988 
9991 9990 
9991 9677 
9994 9992 
9994 9993 
9996 9853 
9996 9995 
9996 9855 
9996 9856 
9999 9997 

